0.6235294117647059
0.5764705882352941
0.5725490196078431
0.4745098039215686
0.4980392156862745
0.596078431372549
0.6509803921568627
0.6705882352941176
0.5843137254901961
0.4901960784313726
0.6313725490196078
0.6862745098039216
0.6745098039215687
0.6705882352941176
0.6431372549019608
0.6274509803921569
0.592156862745098
0.6274509803921569
0.6078431372549019
0.5803921568627451
0.5960784313725489
0.6039215686274509
0.5686274509803921
0.6313725490196078
0.5803921568627451
0.5607843137254902
0.5450980392156862
0.6
0.5882352941176471
0.6627450980392157
0.6705882352941175
0.6431372549019608
0.6549019607843137
0.6117647058823529
0.5803921568627451
0.6078431372549019
0.5490196078431372
0.6352941176470588
0.6666666666666666
0.6509803921568629
0.5568627450980392
0.4784313725490196
0.6039215686274509
0.6980392156862745
0.7176470588235293
0.7254901960784312
0.6901960784313725
0.6745098039215685
0.6392156862745098
0.6470588235294117
0.6313725490196078
0.6
0.6
0.5647058823529412
0.5647058823529412
0.6196078431372549
0.5686274509803921
0.5568627450980392
0.5450980392156862
0.592156862745098
0.6274509803921569
0.6235294117647059
0.6588235294117646
0.6823529411764706
0.6509803921568628
0.6509803921568628
0.6549019607843137
0.6745098039215686
0.6431372549019608
0.588235294117647
0.6392156862745098
0.6627450980392156
0.5960784313725491
0.5607843137254902
0.6431372549019607
0.6705882352941176
0.6862745098039216
0.6784313725490196
0.6823529411764706
0.6745098039215686
0.6274509803921569
0.6235294117647059
0.611764705882353
0.5803921568627451
0.5882352941176471
0.584313725490196
0.5490196078431373
0.5882352941176471
0.5568627450980392
0.49411764705882355
0.48627450980392156
0.5176470588235293
0.5568627450980392
0.5882352941176472
0.6509803921568628
0.6784313725490196
0.6588235294117647
0.6588235294117647
0.6862745098039216
0.7019607843137254
0.6745098039215686
0.5921568627450979
0.6352941176470588
0.6352941176470588
0.5921568627450979
0.5764705882352941
0.6235294117647057
0.6196078431372547
0.6274509803921569
0.6156862745098037
0.5960784313725489
0.6235294117647059
0.6392156862745098
0.6274509803921569
0.6196078431372549
0.592156862745098
0.5686274509803921
0.5803921568627451
0.5411764705882353
0.5450980392156861
0.4980392156862745
0.4588235294117647
0.4784313725490196
0.5176470588235293
0.5764705882352941
0.5803921568627451
0.6705882352941176
0.6470588235294119
0.6470588235294118
0.6705882352941176
0.6784313725490196
0.7019607843137254
0.6784313725490196
0.5764705882352941
0.6313725490196078
0.6274509803921569
0.5450980392156862
0.5764705882352941
0.584313725490196
0.5568627450980392
0.5725490196078431
0.5725490196078431
0.5490196078431372
0.5647058823529412
0.6039215686274509
0.603921568627451
0.607843137254902
0.6000000000000001
0.580392156862745
0.5843137254901961
0.5137254901960784
0.5294117647058824
0.5372549019607843
0.5137254901960784
0.5333333333333332
0.5254901960784313
0.5568627450980392
0.5803921568627451
0.6588235294117646
0.6509803921568629
0.6431372549019608
0.6509803921568628
0.6666666666666666
0.6941176470588235
0.6666666666666666
0.5725490196078431
0.6235294117647059
0.6392156862745098
0.5725490196078431
0.5803921568627451
0.5921568627450982
0.5647058823529412
0.5686274509803921
0.5843137254901961
0.5803921568627451
0.603921568627451
0.5882352941176471
0.592156862745098
0.603921568627451
0.611764705882353
0.611764705882353
0.588235294117647
0.5647058823529412
0.5529411764705883
0.5647058823529414
0.5529411764705883
0.5294117647058825
0.5372549019607844
0.5411764705882354
0.584313725490196
0.6470588235294118
0.6431372549019607
0.6352941176470588
0.6078431372549019
0.6039215686274509
0.6392156862745098
0.6392156862745098
0.5568627450980392
0.6235294117647059
0.6549019607843137
0.6431372549019607
0.6196078431372549
0.5843137254901961
0.5529411764705883
0.5529411764705883
0.5725490196078431
0.5764705882352941
0.5882352941176471
0.5764705882352941
0.5686274509803921
0.5803921568627451
0.5803921568627451
0.615686274509804
0.6352941176470588
0.580392156862745
0.588235294117647
0.611764705882353
0.5764705882352941
0.5607843137254902
0.5294117647058822
0.5490196078431373
0.5764705882352941
0.6196078431372549
0.6313725490196078
0.6862745098039216
0.7019607843137254
0.6117647058823529
0.5882352941176471
0.6313725490196078
0.5490196078431372
0.6431372549019608
0.6
0.5647058823529412
0.5843137254901961
0.5490196078431372
0.5254901960784314
0.5254901960784314
0.5058823529411764
0.4862745098039215
0.5372549019607843
0.5529411764705883
0.5411764705882354
0.5725490196078431
0.5647058823529412
0.615686274509804
0.6313725490196078
0.6078431372549018
0.592156862745098
0.6117647058823529
0.5803921568627451
0.5725490196078431
0.5568627450980392
0.5450980392156862
0.5568627450980392
0.6274509803921566
0.611764705882353
0.7254901960784313
0.7019607843137254
0.6784313725490196
0.6627450980392157
0.6588235294117647
0.6078431372549019
0.6274509803921569
0.596078431372549
0.5568627450980392
0.5568627450980392
0.5294117647058824
0.5294117647058824
0.5686274509803921
0.5568627450980392
0.49411764705882355
0.49803921568627446
0.5450980392156862
0.5607843137254902
0.5764705882352941
0.592156862745098
0.5921568627450982
0.6196078431372549
0.6196078431372549
0.5999999999999999
0.584313725490196
0.5450980392156863
0.5490196078431372
0.5529411764705883
0.5450980392156862
0.5490196078431372
0.5960784313725491
0.5882352941176471
0.7137254901960784
0.7098039215686275
0.7215686274509804
0.6980392156862745
0.592156862745098
0.5803921568627451
0.5058823529411764
0.4588235294117647
0.4392156862745098
0.4627450980392157
0.5098039215686274
0.5647058823529412
0.6235294117647059
0.6235294117647059
0.5411764705882354
0.43137254901960786
0.5607843137254902
0.5411764705882353
0.5725490196078433
0.592156862745098
0.6000000000000001
0.6196078431372549
0.6392156862745098
0.5686274509803921
0.5686274509803921
0.580392156862745
0.5607843137254902
0.5529411764705883
0.5686274509803921
0.5647058823529412
0.5764705882352941
0.5647058823529412
0.6784313725490196
0.6745098039215686
0.6862745098039216
0.7176470588235294
0.5764705882352941
0.4392156862745098
0.43137254901960786
0.4392156862745098
0.3529411764705882
0.2901960784313725
0.3686274509803922
0.4117647058823529
0.47058823529411764
0.5019607843137255
0.4745098039215686
0.47058823529411764
0.5137254901960784
0.5686274509803921
0.5725490196078431
0.5921568627450979
0.5843137254901961
0.5686274509803921
0.6039215686274508
0.5568627450980392
0.5372549019607844
0.5372549019607844
0.5490196078431372
0.5764705882352941
0.5725490196078431
0.5568627450980392
0.5843137254901961
0.5568627450980392
0.6901960784313725
0.6705882352941176
0.6705882352941176
0.7137254901960784
0.5137254901960784
0.3176470588235294
0.38431372549019605
0.4235294117647059
0.33725490196078434
0.28627450980392155
0.34901960784313724
0.3411764705882353
0.30196078431372547
0.36470588235294116
0.4549019607843137
0.4745098039215686
0.5058823529411764
0.5686274509803921
0.592156862745098
0.5960784313725491
0.5999999999999999
0.592156862745098
0.5803921568627451
0.588235294117647
0.5411764705882354
0.5098039215686274
0.5686274509803921
0.5803921568627451
0.5490196078431372
0.5176470588235295
0.5019607843137255
0.4666666666666667
0.6901960784313725
0.6784313725490196
0.6705882352941175
0.7019607843137254
0.49411764705882355
0.2392156862745098
0.2588235294117647
0.40784313725490196
0.403921568627451
0.34509803921568627
0.3686274509803922
0.33725490196078434
0.30980392156862746
0.36470588235294116
0.34901960784313724
0.42745098039215684
0.4980392156862745
0.5686274509803921
0.6039215686274509
0.6000000000000001
0.607843137254902
0.611764705882353
0.6039215686274508
0.588235294117647
0.5568627450980392
0.5490196078431373
0.5725490196078431
0.5333333333333333
0.44705882352941173
0.44313725490196076
0.4235294117647059
0.43529411764705883
0.6745098039215686
0.6588235294117647
0.6549019607843137
0.6862745098039216
0.5294117647058824
0.26666666666666666
0.22745098039215683
0.3686274509803922
0.38431372549019605
0.40784313725490196
0.4196078431372549
0.3333333333333333
0.30980392156862746
0.32941176470588235
0.3333333333333333
0.3137254901960784
0.42745098039215684
0.49411764705882355
0.6117647058823529
0.588235294117647
0.5921568627450982
0.607843137254902
0.6078431372549018
0.5921568627450979
0.5568627450980392
0.5529411764705883
0.5254901960784315
0.45098039215686275
0.3803921568627451
0.39215686274509803
0.396078431372549
0.43529411764705883
0.6862745098039216
0.6666666666666666
0.6705882352941176
0.6941176470588235
0.6313725490196078
0.45098039215686275
0.22352941176470587
0.22745098039215683
0.2431372549019608
0.34901960784313724
0.38431372549019605
0.37254901960784315
0.3764705882352941
0.3254901960784314
0.3058823529411765
0.2588235294117647
0.3137254901960784
0.4
0.5333333333333333
0.607843137254902
0.5882352941176471
0.588235294117647
0.5803921568627451
0.5607843137254902
0.4745098039215686
0.48627450980392156
0.47058823529411764
0.3764705882352941
0.3764705882352941
0.44313725490196076
0.34509803921568627
0.43529411764705883
0.6470588235294118
0.6549019607843137
0.6627450980392157
0.6823529411764706
0.6392156862745098
0.4627450980392157
0.3137254901960784
0.20784313725490194
0.16862745098039217
0.25098039215686274
0.2784313725490196
0.2392156862745098
0.3254901960784314
0.36470588235294116
0.3607843137254902
0.26666666666666666
0.30196078431372547
0.38823529411764707
0.4117647058823529
0.5686274509803921
0.603921568627451
0.4666666666666667
0.5215686274509803
0.5882352941176471
0.5372549019607844
0.4627450980392157
0.5058823529411764
0.3803921568627451
0.36470588235294116
0.3254901960784314
0.4156862745098039
0.5019607843137255
0.6627450980392157
0.6745098039215686
0.6666666666666666
0.5490196078431372
0.5490196078431372
0.5215686274509804
0.3803921568627451
0.32941176470588235
0.1568627450980392
0.16862745098039217
0.2
0.16078431372549018
0.21176470588235294
0.27450980392156865
0.34901960784313724
0.34901960784313724
0.29411764705882354
0.37254901960784315
0.34901960784313724
0.3803921568627451
0.5411764705882353
0.5019607843137255
0.48627450980392156
0.5294117647058822
0.47843137254901963
0.4901960784313726
0.5058823529411764
0.4588235294117647
0.36470588235294116
0.3764705882352941
0.5215686274509804
0.5411764705882353
0.6509803921568628
0.6549019607843137
0.6588235294117647
0.5607843137254902
0.5372549019607843
0.5568627450980392
0.43529411764705883
0.403921568627451
0.4
0.20392156862745098
0.18823529411764706
0.19607843137254902
0.20784313725490194
0.20392156862745098
0.20784313725490194
0.2784313725490196
0.2823529411764706
0.33725490196078434
0.27450980392156865
0.30196078431372547
0.4549019607843137
0.4823529411764706
0.49019607843137253
0.5098039215686274
0.43529411764705883
0.4235294117647059
0.44705882352941173
0.38823529411764707
0.42745098039215684
0.5058823529411764
0.5450980392156862
0.5647058823529412
0.6705882352941176
0.6705882352941176
0.6941176470588235
0.615686274509804
0.5647058823529412
0.5372549019607843
0.4
0.43137254901960786
0.5607843137254902
0.5333333333333332
0.38431372549019605
0.44705882352941173
0.32156862745098036
0.2627450980392157
0.23137254901960785
0.19215686274509802
0.2784313725490196
0.33725490196078434
0.2
0.27058823529411763
0.39999999999999997
0.4549019607843137
0.47058823529411764
0.44705882352941173
0.43529411764705883
0.40784313725490196
0.42745098039215684
0.42745098039215684
0.5058823529411764
0.5529411764705883
0.5568627450980392
0.5764705882352941
0.6627450980392157
0.6705882352941176
0.7176470588235294
0.6078431372549019
0.5686274509803921
0.4862745098039215
0.37254901960784315
0.44313725490196076
0.5490196078431372
0.5803921568627451
0.6274509803921569
0.6078431372549019
0.38823529411764707
0.20784313725490194
0.13333333333333333
0.3411764705882353
0.5254901960784314
0.4549019607843137
0.1764705882352941
0.14901960784313725
0.2627450980392157
0.45098039215686275
0.4823529411764706
0.44313725490196076
0.4823529411764706
0.4470588235294118
0.43137254901960786
0.49411764705882355
0.6352941176470588
0.6117647058823529
0.592156862745098
0.5843137254901961
0.6588235294117647
0.6745098039215686
0.6980392156862745
0.5215686274509804
0.45098039215686275
0.44313725490196076
0.44313725490196076
0.39215686274509803
0.403921568627451
0.5490196078431372
0.588235294117647
0.5450980392156862
0.34901960784313724
0.27058823529411763
0.21176470588235294
0.4745098039215686
0.6862745098039216
0.6509803921568628
0.34901960784313724
0.13333333333333333
0.13725490196078433
0.42745098039215684
0.5490196078431372
0.5058823529411764
0.5176470588235295
0.5411764705882353
0.4862745098039215
0.5450980392156862
0.615686274509804
0.6313725490196078
0.5882352941176471
0.5764705882352941
0.6627450980392157
0.6941176470588235
0.6745098039215686
0.5568627450980392
0.30980392156862746
0.2392156862745098
0.4745098039215686
0.4549019607843137
0.24705882352941178
0.39215686274509803
0.396078431372549
0.3607843137254902
0.2627450980392157
0.3686274509803922
0.49411764705882355
0.5764705882352941
0.6784313725490196
0.6666666666666666
0.403921568627451
0.1843137254901961
0.16078431372549018
0.4156862745098039
0.596078431372549
0.5686274509803921
0.5450980392156862
0.5568627450980392
0.6
0.592156862745098
0.5803921568627451
0.6078431372549019
0.5686274509803921
0.5372549019607843
0.6
0.6745098039215686
0.6588235294117647
0.6784313725490196
0.5254901960784314
0.20392156862745098
0.3764705882352941
0.4627450980392157
0.16470588235294117
0.16862745098039217
0.23529411764705882
0.22352941176470587
0.26666666666666666
0.37254901960784315
0.49019607843137253
0.5686274509803921
0.6313725490196078
0.6313725490196078
0.4196078431372549
0.32156862745098036
0.3254901960784314
0.42745098039215684
0.5333333333333333
0.4862745098039215
0.6196078431372549
0.6313725490196078
0.6352941176470588
0.6470588235294117
0.6078431372549019
0.5803921568627451
0.5490196078431372
0.5333333333333333
0.5215686274509804
0.6235294117647059
0.6745098039215686
0.7098039215686275
0.6823529411764706
0.403921568627451
0.3411764705882353
0.49411764705882355
0.37254901960784315
0.21568627450980393
0.2901960784313725
0.30196078431372547
0.36470588235294116
0.3058823529411765
0.3333333333333333
0.5254901960784313
0.5215686274509803
0.5764705882352941
0.596078431372549
0.4823529411764706
0.4
0.4862745098039215
0.5176470588235295
0.43137254901960786
0.6470588235294117
0.6745098039215685
0.6509803921568627
0.6352941176470588
0.6392156862745098
0.6509803921568627
0.4980392156862745
0.5843137254901961
0.5098039215686274
0.48235294117647054
0.592156862745098
0.6745098039215686
0.7019607843137254
0.5803921568627451
0.3529411764705882
0.5372549019607843
0.5529411764705883
0.48235294117647054
0.5176470588235295
0.5215686274509805
0.44705882352941173
0.4117647058823529
0.4235294117647059
0.4745098039215686
0.4588235294117647
0.5254901960784314
0.5647058823529412
0.41568627450980394
0.3803921568627451
0.3176470588235294
0.48235294117647054
0.5176470588235295
0.5254901960784314
0.6549019607843137
0.6431372549019607
0.6431372549019607
0.6509803921568627
0.5921568627450979
0.45098039215686275
0.49019607843137253
0.4588235294117647
0.48235294117647054
0.5215686274509804
0.5607843137254902
0.6313725490196078
0.7098039215686275
0.49019607843137253
0.5215686274509804
0.6705882352941176
0.7058823529411765
0.6627450980392157
0.5333333333333333
0.5058823529411764
0.5725490196078431
0.5450980392156863
0.5686274509803921
0.5607843137254902
0.5294117647058822
0.5333333333333332
0.5019607843137255
0.33725490196078434
0.30196078431372547
0.4980392156862745
0.5764705882352941
0.5254901960784314
0.6274509803921569
0.6352941176470588
0.6274509803921569
0.5294117647058822
0.3607843137254902
0.3176470588235294
0.396078431372549
0.4784313725490196
0.4588235294117647
0.4862745098039215
0.48235294117647054
0.4392156862745098
0.5490196078431372
0.6117647058823529
0.6470588235294118
0.6431372549019608
0.6980392156862745
0.6745098039215686
0.5803921568627451
0.5882352941176471
0.6666666666666666
0.6941176470588235
0.5843137254901962
0.5725490196078431
0.5686274509803921
0.5254901960784313
0.5176470588235293
0.4588235294117647
0.4745098039215686
0.5529411764705883
0.5372549019607843
0.43137254901960786
0.5411764705882351
0.6078431372549019
0.6039215686274508
0.5137254901960784
0.30196078431372547
0.3058823529411765
0.30980392156862746
0.42745098039215684
0.403921568627451
0.3764705882352941
0.32156862745098036
0.32156862745098036
0.27450980392156865
0.4588235294117647
0.6352941176470588
0.6509803921568628
0.6470588235294118
0.6666666666666666
0.5686274509803921
0.5725490196078431
0.6588235294117647
0.6549019607843136
0.6549019607843136
0.5960784313725489
0.5686274509803921
0.4666666666666667
0.5372549019607843
0.5058823529411764
0.38431372549019605
0.5176470588235295
0.615686274509804
0.43529411764705883
0.43137254901960786
0.5725490196078431
0.5098039215686274
0.34901960784313724
0.3333333333333333
0.3137254901960784
0.2901960784313725
0.3803921568627451
0.39215686274509803
0.3764705882352941
0.20784313725490194
0.24705882352941178
0.23529411764705882
0.2901960784313725
0.4784313725490196
0.6078431372549019
0.6235294117647059
0.6039215686274509
0.5803921568627451
0.6235294117647059
0.6705882352941176
0.6352941176470588
0.6745098039215685
0.6588235294117646
0.580392156862745
0.4117647058823529
0.5098039215686274
0.615686274509804
0.5803921568627451
0.5764705882352941
0.611764705882353
0.6274509803921569
0.49411764705882355
0.4235294117647059
0.3686274509803922
0.37254901960784315
0.3333333333333333
0.34509803921568627
0.4549019607843137
0.3607843137254902
0.4156862745098039
0.33725490196078434
0.20784313725490194
0.21568627450980393
0.18823529411764706
0.2392156862745098
0.2901960784313725
0.5019607843137255
0.592156862745098
0.5529411764705883
0.5647058823529412
0.6509803921568628
0.6823529411764706
0.6313725490196078
0.6745098039215686
0.6901960784313725
0.6705882352941176
0.5333333333333333
0.5450980392156862
0.6549019607843137
0.5725490196078431
0.6588235294117647
0.607843137254902
0.580392156862745
0.48235294117647054
0.39215686274509803
0.4745098039215686
0.5098039215686274
0.3411764705882353
0.4666666666666667
0.5568627450980392
0.3058823529411765
0.3215686274509804
0.27058823529411763
0.20784313725490194
0.18823529411764706
0.1568627450980392
0.1843137254901961
0.22745098039215683
0.34901960784313724
0.5686274509803921
0.5490196078431372
0.5686274509803921
0.6509803921568628
0.6509803921568628
0.6470588235294118
0.6862745098039216
0.6823529411764706
0.6862745098039216
0.6823529411764706
0.6666666666666666
0.6627450980392157
0.5568627450980392
0.6431372549019608
0.611764705882353
0.5607843137254902
0.5411764705882353
0.4784313725490196
0.4666666666666667
0.5529411764705883
0.4549019607843137
0.4196078431372549
0.5450980392156862
0.3215686274509804
0.23529411764705882
0.19215686274509802
0.1568627450980392
0.16078431372549018
0.16470588235294117
0.1843137254901961
0.23137254901960785
0.3568627450980392
0.44313725490196076
0.47058823529411764
0.5450980392156862
0.6235294117647059
0.6196078431372549
0.6666666666666666
0.6784313725490196
0.6392156862745098
0.6392156862745098
0.6823529411764706
0.6823529411764706
0.6705882352941175
0.592156862745098
0.6
0.5725490196078431
0.5372549019607843
0.5843137254901961
0.5411764705882353
0.4980392156862745
0.4901960784313726
0.49411764705882355
0.5294117647058822
0.5215686274509803
0.5803921568627451
0.5294117647058824
0.5215686274509804
0.4862745098039215
0.5019607843137255
0.5882352941176471
0.615686274509804
0.6705882352941176
0.5254901960784314
0.49411764705882355
0.615686274509804
0.6666666666666666
0.6745098039215686
0.6549019607843137
0.6274509803921569
0.6313725490196078
0.6745098039215686
0.7098039215686275
0.6901960784313725
0.6627450980392157
0.6470588235294118
0.6274509803921569
0.6509803921568628
0.6627450980392158
0.6588235294117647
0.5843137254901961
0.5803921568627451
0.6235294117647059
0.5725490196078433
0.6196078431372549
0.6274509803921569
0.6431372549019608
0.6117647058823529
0.5647058823529412
0.5294117647058824
0.5607843137254902
0.5607843137254902
0.5725490196078431
0.6078431372549019
0.6274509803921569
0.5450980392156862
0.48235294117647054
0.5372549019607844
0.6431372549019607
0.6745098039215687
0.6705882352941177
0.6784313725490196
0.6627450980392158
0.6705882352941176
0.6941176470588235
0.6980392156862745
0.6823529411764706
0.6666666666666667
0.6352941176470588
0.6274509803921569
0.6352941176470588
0.6313725490196078
0.5764705882352941
0.5803921568627451
0.5647058823529412
0.6078431372549019
0.6274509803921569
0.6196078431372549
0.6313725490196078
0.6078431372549019
0.6078431372549019
0.6078431372549019
0.6274509803921569
0.596078431372549
0.5882352941176471
0.592156862745098
0.615686274509804
0.6117647058823529
0.5764705882352941
0.6039215686274509
0.6117647058823529
0.6235294117647059
0.6274509803921569
0.6627450980392158
0.6784313725490196
0.6705882352941176
0.6823529411764706
0.6705882352941176
0.6588235294117647
0.6352941176470588
0.6196078431372549
0.6274509803921569
0.6
0.5686274509803921
0.5137254901960784
0.5215686274509803
0.5254901960784315
0.5843137254901961
0.5882352941176471
0.592156862745098
0.615686274509804
0.6117647058823529
0.615686274509804
0.6431372549019608
0.6627450980392157
0.6352941176470588
0.6039215686274509
0.6
0.6039215686274509
0.6078431372549019
0.6039215686274509
0.596078431372549
0.5882352941176471
0.5921568627450982
0.611764705882353
0.6352941176470588
0.6509803921568627
0.6705882352941177
0.6705882352941177
0.6627450980392158
0.6549019607843136
0.615686274509804
0.6
0.5529411764705883
0.5882352941176471
0.5098039215686274
0.4784313725490196
0.5137254901960784
0.552941176470588
0.5607843137254902
0.6
0.6117647058823529
0.615686274509804
0.6039215686274509
0.6274509803921569
0.6352941176470588
0.7098039215686274
0.6509803921568628
0.6039215686274509
0.6117647058823529
0.615686274509804
0.5803921568627451
0.596078431372549
0.592156862745098
0.5607843137254902
0.5764705882352941
0.611764705882353
0.6313725490196078
0.6470588235294118
0.6862745098039216
0.6705882352941176
0.6705882352941176
0.6666666666666665
0.6274509803921569
0.6039215686274509
0.5254901960784314
0.5372549019607843
0.5450980392156862
0.5294117647058824
0.584313725490196
0.5450980392156863
0.5568627450980392
0.596078431372549
0.615686274509804
0.6196078431372549
0.596078431372549
0.6078431372549019
0.6274509803921569
0.6549019607843137
0.6431372549019608
0.6078431372549019
0.6078431372549019
0.6235294117647059
0.615686274509804
0.6196078431372549
0.6235294117647059
0.592156862745098
0.6
0.6196078431372549
0.6313725490196078
0.6470588235294119
0.6431372549019607
0.6627450980392158
0.6745098039215685
0.6509803921568629
0.6627450980392156
0.6509803921568627
0.5764705882352941
0.5764705882352941
0.6078431372549018
0.6352941176470588
0.580392156862745
0.5607843137254902
0.5686274509803921
0.5882352941176471
0.592156862745098
0.615686274509804
0.6431372549019608
0.5529411764705883
0.5490196078431372
0.5803921568627451
0.5882352941176471
0.5764705882352941
0.5843137254901961
0.615686274509804
0.6235294117647059
0.6352941176470588
0.6196078431372549
0.596078431372549
0.596078431372549
0.6196078431372549
0.6235294117647059
0.6313725490196078
0.6352941176470588
0.6274509803921569
0.6196078431372549
0.6392156862745098
0.6431372549019607
0.6352941176470588
0.6431372549019607
0.615686274509804
0.6235294117647059
0.6078431372549019
0.5843137254901961
0.5568627450980392
0.5686274509803921
0.5764705882352941
0.5803921568627451
0.6392156862745098
0.6862745098039216
0.6980392156862745
0.6078431372549019
0.5215686274509804
0.5647058823529412
0.5450980392156862
0.5764705882352941
0.6
0.5686274509803921
0.592156862745098
0.5843137254901961
0.5647058823529412
0.5647058823529412
0.5607843137254902
0.5411764705882354
0.6431372549019607
0.6313725490196078
0.607843137254902
0.615686274509804
0.6000000000000001
0.5843137254901962
0.6235294117647059
0.6470588235294117
0.5999999999999999
0.5882352941176471
0.5568627450980392
0.584313725490196
0.6
0.5882352941176471
0.5843137254901961
0.6039215686274509
0.6352941176470588
0.7411764705882353
0.7137254901960784
0.6862745098039216
0.6705882352941176
0.596078431372549
0.6
0.6196078431372549
0.5882352941176471
0.5490196078431372
0.5490196078431372
0.5333333333333333
0.5372549019607844
0.5764705882352941
0.5647058823529412
0.56078431372549
0.4980392156862745
0.5921568627450982
0.5960784313725491
0.615686274509804
0.6313725490196078
0.6117647058823529
0.6274509803921569
0.6274509803921569
0.6078431372549018
0.592156862745098
0.5686274509803921
0.5882352941176471
0.596078431372549
0.5843137254901961
0.5882352941176471
0.6196078431372549
0.6274509803921569
0.7411764705882353
0.7333333333333333
0.7450980392156863
0.7176470588235294
0.6
0.5686274509803921
0.4901960784313726
0.5058823529411764
0.46274509803921565
0.4392156862745098
0.48235294117647054
0.584313725490196
0.6431372549019607
0.6431372549019607
0.49411764705882355
0.38431372549019605
0.5607843137254902
0.5882352941176472
0.5882352941176472
0.6313725490196078
0.6196078431372549
0.6274509803921569
0.615686274509804
0.6078431372549018
0.6078431372549019
0.6039215686274509
0.6
0.596078431372549
0.6078431372549019
0.6
0.6117647058823529
0.6
0.7176470588235294
0.7098039215686275
0.7215686274509804
0.7529411764705882
0.5882352941176471
0.4235294117647059
0.4117647058823529
0.4117647058823529
0.3803921568627451
0.2549019607843137
0.38823529411764707
0.42745098039215684
0.4392156862745098
0.4588235294117647
0.3803921568627451
0.43137254901960786
0.48627450980392156
0.5333333333333334
0.5764705882352941
0.615686274509804
0.5647058823529412
0.580392156862745
0.5960784313725491
0.5960784313725491
0.5607843137254902
0.5607843137254902
0.5882352941176471
0.615686274509804
0.6117647058823529
0.592156862745098
0.6196078431372549
0.592156862745098
0.7333333333333333
0.7137254901960784
0.7098039215686275
0.7529411764705882
0.5254901960784314
0.3529411764705882
0.3568627450980392
0.38823529411764707
0.30196078431372547
0.24705882352941178
0.30980392156862746
0.2980392156862745
0.2627450980392157
0.3411764705882353
0.4156862745098039
0.4235294117647059
0.4549019607843137
0.5450980392156862
0.6039215686274509
0.6196078431372549
0.5843137254901961
0.584313725490196
0.5882352941176472
0.5647058823529412
0.5647058823529412
0.5490196078431372
0.6078431372549019
0.6196078431372549
0.5843137254901961
0.5529411764705883
0.5333333333333333
0.5647058823529412
0.7333333333333333
0.7176470588235294
0.7137254901960784
0.7411764705882353
0.5058823529411764
0.21176470588235294
0.2588235294117647
0.37254901960784315
0.3686274509803922
0.30980392156862746
0.3686274509803922
0.3058823529411765
0.2784313725490196
0.33725490196078434
0.3176470588235294
0.37254901960784315
0.42745098039215684
0.5333333333333333
0.6078431372549019
0.6196078431372549
0.6235294117647059
0.6352941176470588
0.6117647058823529
0.6078431372549019
0.596078431372549
0.5882352941176471
0.6117647058823529
0.5725490196078431
0.49803921568627446
0.5098039215686274
0.48627450980392156
0.4666666666666667
0.7215686274509804
0.7019607843137254
0.6941176470588235
0.7294117647058823
0.5490196078431372
0.25098039215686274
0.2
0.3411764705882353
0.3568627450980392
0.3803921568627451
0.38823529411764707
0.3058823529411765
0.2784313725490196
0.30196078431372547
0.30196078431372547
0.26666666666666666
0.37254901960784315
0.4666666666666667
0.5725490196078431
0.6117647058823529
0.6117647058823529
0.6235294117647059
0.6039215686274509
0.5607843137254902
0.5725490196078431
0.5803921568627451
0.5568627450980392
0.49803921568627446
0.45098039215686275
0.4156862745098039
0.4156862745098039
0.5058823529411764
0.7294117647058823
0.7098039215686275
0.6509803921568628
0.7215686274509803
0.6588235294117647
0.45098039215686275
0.20392156862745098
0.21176470588235294
0.22745098039215683
0.3411764705882353
0.3529411764705882
0.33725490196078434
0.3411764705882353
0.3529411764705882
0.27450980392156865
0.22352941176470587
0.2784313725490196
0.44705882352941173
0.5137254901960784
0.6313725490196078
0.6313725490196078
0.603921568627451
0.596078431372549
0.5647058823529412
0.5411764705882351
0.5058823529411764
0.49411764705882355
0.4
0.4549019607843137
0.4549019607843137
0.3607843137254902
0.5058823529411764
0.6901960784313725
0.6980392156862745
0.6431372549019608
0.6627450980392157
0.6745098039215686
0.5333333333333333
0.30196078431372547
0.19215686274509802
0.1568627450980392
0.23137254901960785
0.25098039215686274
0.27450980392156865
0.2980392156862745
0.33725490196078434
0.3333333333333333
0.29411764705882354
0.26666666666666666
0.3686274509803922
0.4156862745098039
0.5960784313725491
0.6196078431372549
0.4784313725490196
0.5294117647058824
0.6039215686274509
0.5686274509803921
0.4745098039215686
0.5215686274509803
0.4
0.3803921568627451
0.3411764705882353
0.43529411764705883
0.5372549019607843
0.7058823529411765
0.7176470588235294
0.6470588235294118
0.592156862745098
0.5843137254901961
0.6
0.3686274509803922
0.3137254901960784
0.14509803921568626
0.2
0.22745098039215686
0.20392156862745098
0.2588235294117647
0.32156862745098036
0.3333333333333333
0.3254901960784314
0.32941176470588235
0.3529411764705882
0.3411764705882353
0.40784313725490196
0.5568627450980392
0.5058823529411764
0.49019607843137253
0.5843137254901961
0.5333333333333333
0.5607843137254902
0.5490196078431373
0.4745098039215686
0.38431372549019605
0.44705882352941173
0.5490196078431372
0.5803921568627451
0.6941176470588235
0.6980392156862745
0.7019607843137254
0.6078431372549019
0.5725490196078431
0.5725490196078431
0.42745098039215684
0.39215686274509803
0.396078431372549
0.24705882352941178
0.21568627450980393
0.24313725490196075
0.26666666666666666
0.2627450980392157
0.26666666666666666
0.27058823529411763
0.27058823529411763
0.3254901960784314
0.32156862745098036
0.32941176470588235
0.38823529411764707
0.4784313725490196
0.49411764705882355
0.5137254901960784
0.44313725490196076
0.43137254901960786
0.4627450980392157
0.40784313725490196
0.4549019607843137
0.5372549019607843
0.5803921568627451
0.6039215686274509
0.7137254901960784
0.7137254901960784
0.7372549019607842
0.6588235294117647
0.6039215686274509
0.5529411764705883
0.396078431372549
0.4235294117647059
0.5686274509803921
0.4862745098039215
0.403921568627451
0.4627450980392157
0.3333333333333333
0.26666666666666666
0.23137254901960785
0.2
0.2901960784313725
0.3686274509803922
0.2
0.26666666666666666
0.36470588235294116
0.45098039215686275
0.4745098039215686
0.4549019607843137
0.44313725490196076
0.4156862745098039
0.44313725490196076
0.5019607843137255
0.5372549019607843
0.5882352941176471
0.596078431372549
0.615686274509804
0.7058823529411765
0.7137254901960784
0.7568627450980392
0.6509803921568628
0.6039215686274509
0.4980392156862745
0.36470588235294116
0.3764705882352941
0.5647058823529412
0.6078431372549019
0.615686274509804
0.6392156862745098
0.40784313725490196
0.21568627450980393
0.13725490196078433
0.3607843137254902
0.5568627450980392
0.4666666666666667
0.16862745098039217
0.13725490196078433
0.25098039215686274
0.39999999999999997
0.49019607843137253
0.4549019607843137
0.49411764705882355
0.5019607843137255
0.45098039215686275
0.5215686274509804
0.6705882352941176
0.6549019607843137
0.6274509803921569
0.6235294117647059
0.6980392156862745
0.7137254901960784
0.7333333333333333
0.5568627450980392
0.4784313725490196
0.4588235294117647
0.42745098039215684
0.3764705882352941
0.4156862745098039
0.5803921568627451
0.592156862745098
0.5725490196078431
0.3686274509803922
0.2784313725490196
0.21568627450980393
0.4980392156862745
0.6588235294117647
0.6117647058823529
0.3529411764705882
0.10588235294117648
0.11764705882352941
0.4235294117647059
0.5607843137254902
0.5254901960784314
0.5372549019607843
0.5607843137254902
0.5176470588235295
0.5843137254901961
0.6549019607843137
0.6705882352941176
0.6235294117647059
0.6117647058823529
0.6941176470588235
0.7254901960784313
0.7019607843137254
0.5137254901960784
0.32941176470588235
0.25098039215686274
0.4549019607843137
0.4235294117647059
0.2431372549019608
0.4156862745098039
0.4117647058823529
0.36470588235294116
0.2627450980392157
0.3686274509803922
0.43137254901960786
0.5333333333333333
0.6509803921568628
0.6352941176470588
0.42745098039215684
0.19215686274509802
0.1568627450980392
0.40784313725490196
0.6078431372549019
0.592156862745098
0.5764705882352941
0.596078431372549
0.6431372549019608
0.6352941176470588
0.6196078431372549
0.6470588235294118
0.6039215686274509
0.5725490196078431
0.5647058823529412
0.7058823529411765
0.6823529411764706
0.7019607843137254
0.4862745098039215
0.2196078431372549
0.3607843137254902
0.43137254901960786
0.16078431372549018
0.19215686274509802
0.2431372549019608
0.2196078431372549
0.2627450980392157
0.36470588235294116
0.48627450980392156
0.5333333333333334
0.596078431372549
0.6039215686274509
0.45098039215686275
0.3411764705882353
0.3254901960784314
0.4156862745098039
0.5450980392156862
0.5137254901960784
0.6196078431372549
0.615686274509804
0.6196078431372549
0.6588235294117647
0.6509803921568628
0.6196078431372549
0.5843137254901961
0.5647058823529412
0.5450980392156862
0.5882352941176471
0.7019607843137254
0.7333333333333333
0.7137254901960784
0.36470588235294116
0.26666666666666666
0.4666666666666667
0.3058823529411765
0.23529411764705882
0.2980392156862745
0.30196078431372547
0.3568627450980392
0.23529411764705882
0.2784313725490196
0.4901960784313726
0.4862745098039215
0.5450980392156862
0.6000000000000001
0.5058823529411764
0.40784313725490196
0.4745098039215686
0.5254901960784314
0.4549019607843137
0.6196078431372549
0.6784313725490196
0.6431372549019608
0.6627450980392157
0.6666666666666666
0.6274509803921569
0.5333333333333333
0.6000000000000001
0.5254901960784314
0.5019607843137255
0.5529411764705883
0.6980392156862745
0.7372549019607842
0.6078431372549019
0.34901960784313724
0.5137254901960784
0.5490196078431372
0.5058823529411764
0.5294117647058824
0.5215686274509804
0.4313725490196078
0.40784313725490196
0.4235294117647059
0.47058823529411764
0.4235294117647059
0.4980392156862745
0.5372549019607843
0.42745098039215684
0.39215686274509803
0.3686274509803922
0.4862745098039215
0.5411764705882353
0.5647058823529412
0.7058823529411764
0.6941176470588235
0.6588235294117647
0.6313725490196078
0.5686274509803921
0.48235294117647054
0.5176470588235293
0.47058823529411764
0.4901960784313726
0.5372549019607843
0.5803921568627451
0.6
0.7411764705882353
0.49019607843137253
0.5019607843137255
0.6117647058823529
0.6745098039215686
0.6196078431372549
0.5411764705882353
0.4941176470588235
0.5137254901960784
0.5529411764705885
0.5215686274509805
0.5254901960784314
0.5215686274509804
0.5254901960784314
0.47058823529411764
0.3568627450980392
0.3568627450980392
0.5058823529411764
0.6039215686274509
0.5607843137254902
0.6431372549019607
0.7176470588235293
0.6235294117647059
0.5058823529411764
0.39215686274509803
0.38823529411764707
0.4196078431372549
0.4862745098039215
0.4627450980392157
0.4901960784313726
0.49411764705882355
0.4627450980392157
0.580392156862745
0.6117647058823529
0.6313725490196078
0.592156862745098
0.6705882352941176
0.6431372549019608
0.5372549019607843
0.5450980392156862
0.6196078431372549
0.6509803921568628
0.5882352941176471
0.5333333333333334
0.5568627450980392
0.5215686274509804
0.5254901960784314
0.4823529411764706
0.40784313725490196
0.5647058823529412
0.5647058823529412
0.4627450980392157
0.5215686274509804
0.6549019607843136
0.5960784313725491
0.48235294117647054
0.3607843137254902
0.3686274509803921
0.3764705882352941
0.4392156862745098
0.4117647058823529
0.38431372549019605
0.3333333333333333
0.3411764705882353
0.2980392156862745
0.4666666666666667
0.6313725490196078
0.6117647058823529
0.6313725490196078
0.6431372549019608
0.5372549019607843
0.5372549019607843
0.6235294117647059
0.6196078431372549
0.6196078431372549
0.5725490196078431
0.5411764705882353
0.4588235294117647
0.5137254901960784
0.4745098039215686
0.4392156862745098
0.5372549019607843
0.5843137254901961
0.4666666666666667
0.47058823529411764
0.5490196078431372
0.48235294117647054
0.3803921568627451
0.3529411764705882
0.37254901960784315
0.3568627450980392
0.4
0.40784313725490196
0.3764705882352941
0.22745098039215683
0.2627450980392157
0.2549019607843137
0.30980392156862746
0.47058823529411764
0.6313725490196078
0.6078431372549019
0.5843137254901961
0.5568627450980392
0.6039215686274509
0.6470588235294118
0.6078431372549019
0.6431372549019608
0.6274509803921569
0.5490196078431372
0.4784313725490196
0.5294117647058824
0.5882352941176471
0.5450980392156862
0.592156862745098
0.6352941176470588
0.6039215686274509
0.5294117647058824
0.4549019607843137
0.396078431372549
0.4
0.3529411764705882
0.3764705882352941
0.4784313725490196
0.3803921568627451
0.37254901960784315
0.2901960784313725
0.22352941176470587
0.23137254901960785
0.20392156862745098
0.2588235294117647
0.3137254901960784
0.5058823529411764
0.5725490196078431
0.5294117647058825
0.5450980392156862
0.6313725490196078
0.6588235294117647
0.6078431372549019
0.6470588235294118
0.6588235294117647
0.6431372549019608
0.5686274509803921
0.5803921568627451
0.6313725490196078
0.6078431372549019
0.6313725490196078
0.6313725490196078
0.6039215686274509
0.5176470588235295
0.4235294117647059
0.4392156862745098
0.4745098039215686
0.3686274509803922
0.49019607843137253
0.588235294117647
0.32941176470588235
0.30980392156862746
0.28627450980392155
0.22352941176470587
0.2
0.16862745098039217
0.2
0.25098039215686274
0.3803921568627451
0.5450980392156863
0.5215686274509804
0.5450980392156862
0.6313725490196078
0.6313725490196078
0.6274509803921569
0.6627450980392157
0.6588235294117647
0.6627450980392157
0.6588235294117647
0.6470588235294118
0.6431372549019608
0.592156862745098
0.6235294117647059
0.6392156862745098
0.6039215686274509
0.5764705882352941
0.5137254901960784
0.5019607843137255
0.5254901960784314
0.4862745098039215
0.4549019607843137
0.580392156862745
0.32941176470588235
0.2549019607843137
0.20392156862745098
0.16470588235294117
0.17254901960784313
0.17254901960784313
0.19215686274509802
0.24705882352941178
0.3803921568627451
0.4784313725490196
0.49019607843137253
0.5686274509803921
0.6627450980392157
0.6470588235294117
0.6901960784313725
0.7019607843137254
0.615686274509804
0.615686274509804
0.6627450980392157
0.6627450980392157
0.6509803921568628
0.6313725490196078
0.6431372549019608
0.615686274509804
0.5803921568627451
0.6235294117647059
0.5764705882352941
0.5372549019607843
0.5294117647058824
0.5333333333333333
0.5568627450980392
0.6117647058823528
0.42745098039215684
0.39215686274509803
0.35294117647058826
0.32941176470588235
0.403921568627451
0.43529411764705883
0.4784313725490196
0.4823529411764706
0.3568627450980392
0.2901960784313725
0.45098039215686275
0.5137254901960784
0.4588235294117647
0.4156862745098039
0.38431372549019605
0.36470588235294116
0.39215686274509803
0.42745098039215684
0.403921568627451
0.3764705882352941
0.3568627450980392
0.3333333333333333
0.3803921568627451
0.4588235294117647
0.396078431372549
0.3137254901960784
0.29411764705882354
0.3607843137254902
0.34509803921568627
0.4117647058823529
0.4235294117647059
0.38823529411764707
0.4588235294117647
0.4235294117647059
0.396078431372549
0.4
0.4156862745098039
0.4745098039215686
0.4980392156862745
0.5058823529411764
0.38823529411764707
0.34901960784313724
0.3411764705882353
0.4392156862745098
0.49411764705882355
0.4784313725490196
0.4666666666666667
0.42745098039215684
0.403921568627451
0.44313725490196076
0.42745098039215684
0.4117647058823529
0.40784313725490196
0.3607843137254902
0.3764705882352941
0.44705882352941173
0.38823529411764707
0.2901960784313725
0.2901960784313725
0.34901960784313724
0.396078431372549
0.4156862745098039
0.4117647058823529
0.43137254901960786
0.4588235294117647
0.4588235294117647
0.4627450980392157
0.48627450980392156
0.4627450980392157
0.4745098039215686
0.47058823529411764
0.49411764705882355
0.48627450980392156
0.3803921568627451
0.38823529411764707
0.41568627450980394
0.42745098039215684
0.4392156862745098
0.4588235294117647
0.44313725490196076
0.4196078431372549
0.44705882352941173
0.4196078431372549
0.40784313725490196
0.40784313725490196
0.3607843137254902
0.3686274509803922
0.4196078431372549
0.32156862745098036
0.27058823529411763
0.27058823529411763
0.2784313725490196
0.37254901960784315
0.3803921568627451
0.38823529411764707
0.44313725490196076
0.4627450980392157
0.4627450980392157
0.4823529411764706
0.4980392156862745
0.4745098039215686
0.45098039215686275
0.45098039215686275
0.4588235294117647
0.4666666666666667
0.4627450980392157
0.43529411764705883
0.36470588235294116
0.38823529411764707
0.38823529411764707
0.396078431372549
0.4196078431372549
0.43137254901960786
0.43137254901960786
0.4235294117647059
0.4156862745098039
0.38823529411764707
0.32941176470588235
0.30196078431372547
0.3568627450980392
0.26666666666666666
0.27450980392156865
0.2627450980392157
0.27450980392156865
0.34509803921568627
0.38823529411764707
0.40784313725490196
0.40784313725490196
0.4588235294117647
0.4666666666666667
0.4666666666666667
0.4823529411764706
0.4549019607843137
0.403921568627451
0.4196078431372549
0.44313725490196076
0.4156862745098039
0.4392156862745098
0.4392156862745098
0.3803921568627451
0.3686274509803922
0.38431372549019605
0.3607843137254902
0.37254901960784315
0.4117647058823529
0.396078431372549
0.396078431372549
0.39215686274509803
0.3529411764705882
0.33725490196078434
0.3176470588235294
0.3176470588235294
0.3137254901960784
0.27058823529411763
0.3058823529411765
0.3137254901960784
0.3411764705882353
0.38823529411764707
0.4117647058823529
0.4156862745098039
0.45098039215686275
0.45098039215686275
0.4549019607843137
0.47058823529411764
0.43137254901960786
0.3764705882352941
0.38823529411764707
0.4196078431372549
0.4235294117647059
0.44313725490196076
0.4784313725490196
0.45098039215686275
0.38431372549019605
0.38823529411764707
0.37254901960784315
0.3764705882352941
0.38431372549019605
0.38431372549019605
0.3803921568627451
0.38823529411764707
0.37254901960784315
0.38431372549019605
0.3333333333333333
0.3529411764705882
0.403921568627451
0.3764705882352941
0.34901960784313724
0.30980392156862746
0.33725490196078434
0.3764705882352941
0.38431372549019605
0.4117647058823529
0.44313725490196076
0.4156862745098039
0.4117647058823529
0.44705882352941173
0.43529411764705883
0.403921568627451
0.4
0.4235294117647059
0.4196078431372549
0.43529411764705883
0.45098039215686275
0.43137254901960786
0.3568627450980392
0.37254901960784315
0.37254901960784315
0.38823529411764707
0.3764705882352941
0.3568627450980392
0.36470588235294116
0.3686274509803922
0.38431372549019605
0.3764705882352941
0.3607843137254902
0.3764705882352941
0.39215686274509803
0.3803921568627451
0.33725490196078434
0.30980392156862746
0.32941176470588235
0.34509803921568627
0.3568627450980392
0.4196078431372549
0.4823529411764706
0.5058823529411764
0.4235294117647059
0.4117647058823529
0.45098039215686275
0.42745098039215684
0.44705882352941173
0.45098039215686275
0.403921568627451
0.4196078431372549
0.4196078431372549
0.40784313725490196
0.403921568627451
0.32156862745098036
0.3176470588235294
0.3568627450980392
0.36470588235294116
0.32941176470588235
0.3529411764705882
0.3568627450980392
0.3607843137254902
0.36470588235294116
0.33725490196078434
0.3176470588235294
0.3411764705882353
0.30980392156862746
0.3058823529411765
0.3333333333333333
0.32941176470588235
0.33725490196078434
0.36470588235294116
0.4
0.5058823529411764
0.49411764705882355
0.4745098039215686
0.4666666666666667
0.4745098039215686
0.5019607843137255
0.4627450980392157
0.43529411764705883
0.4
0.403921568627451
0.4235294117647059
0.4392156862745098
0.4784313725490196
0.45098039215686275
0.3411764705882353
0.39215686274509803
0.3803921568627451
0.36470588235294116
0.3803921568627451
0.39215686274509803
0.38431372549019605
0.38431372549019605
0.34509803921568627
0.32941176470588235
0.34509803921568627
0.32156862745098036
0.3333333333333333
0.3333333333333333
0.3333333333333333
0.34901960784313724
0.38823529411764707
0.396078431372549
0.4784313725490196
0.48627450980392156
0.5058823529411764
0.48627450980392156
0.4784313725490196
0.4549019607843137
0.3764705882352941
0.3529411764705882
0.3529411764705882
0.38431372549019605
0.403921568627451
0.44705882352941173
0.5725490196078431
0.5529411764705883
0.40784313725490196
0.34509803921568627
0.3568627450980392
0.36470588235294116
0.37254901960784315
0.396078431372549
0.38823529411764707
0.38431372549019605
0.3686274509803922
0.32941176470588235
0.3607843137254902
0.3568627450980392
0.34901960784313724
0.3411764705882353
0.36470588235294116
0.3686274509803922
0.39215686274509803
0.3803921568627451
0.44313725490196076
0.45098039215686275
0.4745098039215686
0.5098039215686274
0.4392156862745098
0.32941176470588235
0.2784313725490196
0.3137254901960784
0.3137254901960784
0.2627450980392157
0.30196078431372547
0.32941176470588235
0.40784313725490196
0.4235294117647059
0.4117647058823529
0.38431372549019605
0.4
0.36470588235294116
0.41568627450980394
0.38431372549019605
0.39215686274509803
0.3333333333333333
0.34901960784313724
0.3176470588235294
0.3137254901960784
0.3137254901960784
0.3411764705882353
0.37254901960784315
0.3764705882352941
0.3686274509803922
0.40784313725490196
0.3803921568627451
0.4666666666666667
0.4588235294117647
0.47058823529411764
0.5137254901960784
0.3686274509803922
0.2549019607843137
0.32156862745098036
0.38431372549019605
0.32156862745098036
0.27450980392156865
0.30980392156862746
0.2901960784313725
0.2549019607843137
0.34901960784313724
0.40784313725490196
0.4156862745098039
0.4156862745098039
0.3686274509803922
0.4196078431372549
0.396078431372549
0.34901960784313724
0.3411764705882353
0.3411764705882353
0.3176470588235294
0.3176470588235294
0.30196078431372547
0.36470588235294116
0.38431372549019605
0.3568627450980392
0.3411764705882353
0.32941176470588235
0.2901960784313725
0.4784313725490196
0.4784313725490196
0.4823529411764706
0.5137254901960784
0.36470588235294116
0.1843137254901961
0.2196078431372549
0.3803921568627451
0.38431372549019605
0.3333333333333333
0.40784313725490196
0.3058823529411765
0.2784313725490196
0.3333333333333333
0.3176470588235294
0.38823529411764707
0.4235294117647059
0.39999999999999997
0.44313725490196076
0.403921568627451
0.38823529411764707
0.39215686274509803
0.3686274509803922
0.36470588235294116
0.34901960784313724
0.3411764705882353
0.37254901960784315
0.34509803921568627
0.27058823529411763
0.2431372549019608
0.22745098039215683
0.26666666666666666
0.4666666666666667
0.4549019607843137
0.4549019607843137
0.42745098039215684
0.3764705882352941
0.19607843137254902
0.20392156862745098
0.2901960784313725
0.36470588235294116
0.40784313725490196
0.396078431372549
0.30196078431372547
0.2823529411764706
0.3058823529411765
0.3058823529411765
0.26666666666666666
0.34901960784313724
0.38823529411764707
0.40784313725490196
0.396078431372549
0.3686274509803922
0.4117647058823529
0.38431372549019605
0.32941176470588235
0.33725490196078434
0.3568627450980392
0.3411764705882353
0.2901960784313725
0.23529411764705882
0.2196078431372549
0.22352941176470587
0.2980392156862745
0.47058823529411764
0.4549019607843137
0.4588235294117647
0.4784313725490196
0.4392156862745098
0.2823529411764706
0.20392156862745098
0.2196078431372549
0.22352941176470587
0.30980392156862746
0.3686274509803922
0.3411764705882353
0.34901960784313724
0.3137254901960784
0.2823529411764706
0.2784313725490196
0.2980392156862745
0.3254901960784314
0.36470588235294116
0.43137254901960786
0.403921568627451
0.4156862745098039
0.4117647058823529
0.3254901960784314
0.2823529411764706
0.24705882352941178
0.2549019607843137
0.20784313725490194
0.2980392156862745
0.3137254901960784
0.22352941176470587
0.3254901960784314
0.43137254901960786
0.4392156862745098
0.44705882352941173
0.4666666666666667
0.43137254901960786
0.32156862745098036
0.2784313725490196
0.19215686274509802
0.14509803921568626
0.2549019607843137
0.27450980392156865
0.2901960784313725
0.30980392156862746
0.34509803921568627
0.33725490196078434
0.3058823529411765
0.32941176470588235
0.3568627450980392
0.34509803921568627
0.4235294117647059
0.4156862745098039
0.33725490196078434
0.30980392156862746
0.4196078431372549
0.32156862745098036
0.2431372549019608
0.3137254901960784
0.21568627450980393
0.21568627450980393
0.1764705882352941
0.25098039215686274
0.36470588235294116
0.39999999999999997
0.4588235294117647
0.45098039215686275
0.3333333333333333
0.3254901960784314
0.34901960784313724
0.3254901960784314
0.2392156862745098
0.10588235294117648
0.13725490196078433
0.18823529411764706
0.14901960784313725
0.19607843137254902
0.3176470588235294
0.32156862745098036
0.34509803921568627
0.37254901960784315
0.3764705882352941
0.3137254901960784
0.2588235294117647
0.3568627450980392
0.32941176470588235
0.2980392156862745
0.36470588235294116
0.3137254901960784
0.3568627450980392
0.4
0.2980392156862745
0.21568627450980393
0.2392156862745098
0.3764705882352941
0.36470588235294116
0.38823529411764707
0.4392156862745098
0.44313725490196076
0.34901960784313724
0.2980392156862745
0.36470588235294116
0.3686274509803922
0.3607843137254902
0.2784313725490196
0.11372549019607842
0.13725490196078433
0.1568627450980392
0.17254901960784313
0.1764705882352941
0.25098039215686274
0.27058823529411763
0.2901960784313725
0.403921568627451
0.3137254901960784
0.27450980392156865
0.2980392156862745
0.3254901960784314
0.30980392156862746
0.30196078431372547
0.23137254901960785
0.23529411764705882
0.28627450980392155
0.2196078431372549
0.23529411764705882
0.34509803921568627
0.3686274509803922
0.3764705882352941
0.39215686274509803
0.40784313725490196
0.4784313725490196
0.45098039215686275
0.32941176470588235
0.34901960784313724
0.33725490196078434
0.3686274509803922
0.4549019607843137
0.3764705882352941
0.26666666666666666
0.3529411764705882
0.2549019607843137
0.22745098039215686
0.1843137254901961
0.1568627450980392
0.23529411764705882
0.33725490196078434
0.1843137254901961
0.23529411764705882
0.37254901960784315
0.3137254901960784
0.3137254901960784
0.2549019607843137
0.2901960784313725
0.21568627450980393
0.2549019607843137
0.2901960784313725
0.34509803921568627
0.36470588235294116
0.36470588235294116
0.4
0.3803921568627451
0.4549019607843137
0.4980392156862745
0.396078431372549
0.3411764705882353
0.3137254901960784
0.30980392156862746
0.30196078431372547
0.37254901960784315
0.4196078431372549
0.4588235294117647
0.5215686274509803
0.34901960784313724
0.20392156862745098
0.15294117647058825
0.27450980392156865
0.46274509803921565
0.4392156862745098
0.1843137254901961
0.12941176470588234
0.2
0.34901960784313724
0.2784313725490196
0.26666666666666666
0.2588235294117647
0.28627450980392155
0.2392156862745098
0.3411764705882353
0.44313725490196076
0.40784313725490196
0.4
0.4117647058823529
0.36470588235294116
0.4392156862745098
0.4823529411764706
0.3254901960784314
0.27450980392156865
0.3254901960784314
0.38431372549019605
0.3176470588235294
0.3137254901960784
0.34901960784313724
0.43529411764705883
0.39215686274509803
0.24705882352941178
0.20392156862745098
0.1803921568627451
0.4392156862745098
0.5333333333333333
0.5254901960784314
0.3176470588235294
0.12549019607843137
0.09019607843137255
0.30980392156862746
0.37254901960784315
0.3176470588235294
0.34901960784313724
0.37254901960784315
0.3176470588235294
0.36470588235294116
0.4117647058823529
0.42745098039215684
0.403921568627451
0.403921568627451
0.34509803921568627
0.4392156862745098
0.44705882352941173
0.30980392156862746
0.1843137254901961
0.17254901960784313
0.4117647058823529
0.3803921568627451
0.21176470588235294
0.3176470588235294
0.30588235294117644
0.2431372549019608
0.20784313725490194
0.3568627450980392
0.40784313725490196
0.4588235294117647
0.5215686274509803
0.5058823529411764
0.27058823529411763
0.11764705882352941
0.12549019607843137
0.28627450980392155
0.38431372549019605
0.3568627450980392
0.37254901960784315
0.3686274509803922
0.38823529411764707
0.3803921568627451
0.37254901960784315
0.4117647058823529
0.38823529411764707
0.3607843137254902
0.29411764705882354
0.42745098039215684
0.4196078431372549
0.4666666666666667
0.3137254901960784
0.07058823529411765
0.24705882352941178
0.38431372549019605
0.08235294117647059
0.07450980392156863
0.1568627450980392
0.16470588235294117
0.19607843137254902
0.3058823529411765
0.40784313725490196
0.4549019607843137
0.4784313725490196
0.4588235294117647
0.26666666666666666
0.17254901960784313
0.21568627450980393
0.3137254901960784
0.32941176470588235
0.27450980392156865
0.403921568627451
0.3568627450980392
0.3333333333333333
0.38431372549019605
0.39215686274509803
0.38431372549019605
0.36470588235294116
0.36470588235294116
0.3058823529411765
0.34901960784313724
0.43529411764705883
0.47058823529411764
0.49411764705882355
0.21568627450980393
0.16862745098039217
0.396078431372549
0.28627450980392155
0.12549019607843137
0.23137254901960785
0.21568627450980393
0.2980392156862745
0.1843137254901961
0.21176470588235294
0.43529411764705883
0.37254901960784315
0.4
0.43137254901960786
0.3686274509803922
0.3333333333333333
0.39999999999999997
0.32941176470588235
0.2196078431372549
0.38823529411764707
0.3764705882352941
0.3333333333333333
0.3764705882352941
0.4
0.38823529411764707
0.3176470588235294
0.3686274509803922
0.32156862745098036
0.28627450980392155
0.30980392156862746
0.37254901960784315
0.49411764705882355
0.4235294117647059
0.15294117647058825
0.4196078431372549
0.5137254901960784
0.42745098039215684
0.4549019607843137
0.4117647058823529
0.36470588235294116
0.3333333333333333
0.3333333333333333
0.34901960784313724
0.25098039215686274
0.3411764705882353
0.3803921568627451
0.25098039215686274
0.22352941176470587
0.21568627450980393
0.2980392156862745
0.3058823529411765
0.3254901960784314
0.3529411764705882
0.36470588235294116
0.37254901960784315
0.3686274509803922
0.3411764705882353
0.28627450980392155
0.29411764705882354
0.2980392156862745
0.32156862745098036
0.3411764705882353
0.3529411764705882
0.37254901960784315
0.5490196078431372
0.3411764705882353
0.38431372549019605
0.5372549019607843
0.5647058823529412
0.49019607843137253
0.43529411764705883
0.37254901960784315
0.44313725490196076
0.4666666666666667
0.4392156862745098
0.42745098039215684
0.34509803921568627
0.3333333333333333
0.2627450980392157
0.14901960784313725
0.1843137254901961
0.30196078431372547
0.36470588235294116
0.3333333333333333
0.33725490196078434
0.3568627450980392
0.3411764705882353
0.27058823529411763
0.2
0.18823529411764706
0.21568627450980393
0.3411764705882353
0.3411764705882353
0.3529411764705882
0.3176470588235294
0.27058823529411763
0.396078431372549
0.4588235294117647
0.49019607843137253
0.4784313725490196
0.5137254901960784
0.45098039215686275
0.34901960784313724
0.4
0.4823529411764706
0.4980392156862745
0.4784313725490196
0.4235294117647059
0.3803921568627451
0.2627450980392157
0.2901960784313725
0.2431372549019608
0.26666666666666666
0.3411764705882353
0.32156862745098036
0.25098039215686274
0.27450980392156865
0.32156862745098036
0.33725490196078434
0.2784313725490196
0.17254901960784313
0.21568627450980393
0.20784313725490194
0.3058823529411765
0.3058823529411765
0.27058823529411763
0.2
0.18823529411764706
0.14509803921568626
0.32156862745098036
0.47058823529411764
0.4588235294117647
0.42745098039215684
0.42745098039215684
0.3333333333333333
0.3529411764705882
0.44705882352941173
0.43529411764705883
0.49019607843137253
0.4784313725490196
0.3254901960784314
0.2
0.2784313725490196
0.2784313725490196
0.2196078431372549
0.30196078431372547
0.33725490196078434
0.2549019607843137
0.2431372549019608
0.3137254901960784
0.27058823529411763
0.20392156862745098
0.2196078431372549
0.23529411764705882
0.18823529411764706
0.20784313725490194
0.2549019607843137
0.21568627450980393
0.10980392156862745
0.14901960784313725
0.1411764705882353
0.1764705882352941
0.32941176470588235
0.4
0.3764705882352941
0.38431372549019605
0.3607843137254902
0.4
0.4549019607843137
0.43529411764705883
0.5098039215686274
0.5137254901960784
0.3529411764705882
0.23529411764705882
0.30980392156862746
0.39215686274509803
0.3411764705882353
0.3568627450980392
0.38431372549019605
0.3843137254901961
0.3137254901960784
0.2588235294117647
0.2196078431372549
0.2431372549019608
0.21568627450980393
0.25098039215686274
0.28627450980392155
0.18823529411764706
0.25098039215686274
0.1803921568627451
0.1215686274509804
0.13725490196078433
0.10980392156862745
0.14901960784313725
0.1568627450980392
0.3058823529411765
0.3529411764705882
0.34509803921568627
0.3568627450980392
0.4235294117647059
0.4627450980392157
0.4392156862745098
0.5019607843137255
0.5254901960784314
0.4980392156862745
0.3529411764705882
0.3529411764705882
0.4666666666666667
0.38823529411764707
0.396078431372549
0.3764705882352941
0.3568627450980392
0.2980392156862745
0.22352941176470587
0.25098039215686274
0.29411764705882354
0.20392156862745098
0.2784313725490196
0.4117647058823529
0.13725490196078433
0.1764705882352941
0.1843137254901961
0.13725490196078433
0.13333333333333333
0.13725490196078433
0.10980392156862745
0.11764705882352941
0.24313725490196078
0.3568627450980392
0.3529411764705882
0.36470588235294116
0.4235294117647059
0.42745098039215684
0.44313725490196076
0.4980392156862745
0.49411764705882355
0.49019607843137253
0.4784313725490196
0.45098039215686275
0.45098039215686275
0.36470588235294116
0.3764705882352941
0.3764705882352941
0.34901960784313724
0.34901960784313724
0.29411764705882354
0.2784313725490196
0.30980392156862746
0.2784313725490196
0.2549019607843137
0.3607843137254902
0.2
0.1411764705882353
0.11764705882352941
0.0980392156862745
0.10980392156862745
0.11764705882352941
0.12941176470588234
0.14901960784313725
0.22352941176470587
0.3333333333333333
0.2980392156862745
0.34901960784313724
0.403921568627451
0.396078431372549
0.4549019607843137
0.4784313725490196
0.4392156862745098
0.43137254901960786
0.4666666666666667
0.4588235294117647
0.45098039215686275
0.396078431372549
0.39215686274509803
0.34901960784313724
0.3176470588235294
0.38823529411764707
0.34509803921568627
0.2980392156862745
0.2901960784313725
0.2901960784313725
0.3137254901960784
0.2980392156862745
