0.6509803921568628
0.6274509803921569
0.615686274509804
0.6196078431372549
0.6431372549019608
0.6352941176470588
0.6392156862745098
0.6666666666666666
0.6588235294117647
0.6588235294117647
0.6745098039215687
0.6627450980392157
0.7254901960784313
0.6588235294117647
0.6549019607843137
0.6352941176470588
0.6235294117647059
0.6196078431372549
0.6196078431372549
0.6039215686274509
0.5843137254901962
0.5725490196078431
0.5882352941176471
0.6
0.592156862745098
0.6117647058823529
0.6117647058823529
0.592156862745098
0.5764705882352941
0.5647058823529412
0.5686274509803921
0.5764705882352941
0.6509803921568628
0.6235294117647059
0.6274509803921569
0.6431372549019608
0.6470588235294118
0.6470588235294118
0.6470588235294118
0.6588235294117647
0.7019607843137254
0.7098039215686274
0.7372549019607841
0.7411764705882353
0.7372549019607842
0.7411764705882353
0.7490196078431373
0.7254901960784313
0.6392156862745098
0.6235294117647059
0.6392156862745098
0.6352941176470588
0.6274509803921569
0.592156862745098
0.592156862745098
0.615686274509804
0.6117647058823529
0.6196078431372549
0.615686274509804
0.5686274509803921
0.5686274509803921
0.5803921568627451
0.5803921568627451
0.5882352941176471
0.6352941176470588
0.6235294117647059
0.6235294117647059
0.6470588235294117
0.6431372549019608
0.6627450980392157
0.6588235294117647
0.6588235294117648
0.6901960784313725
0.7176470588235293
0.7254901960784313
0.7176470588235293
0.6745098039215687
0.6705882352941176
0.6627450980392158
0.6745098039215687
0.6509803921568628
0.6274509803921569
0.6352941176470588
0.6549019607843137
0.6392156862745098
0.6039215686274509
0.615686274509804
0.6392156862745098
0.6313725490196078
0.6235294117647059
0.6039215686274509
0.5647058823529412
0.5686274509803921
0.596078431372549
0.596078431372549
0.5882352941176471
0.6313725490196078
0.6274509803921569
0.6392156862745098
0.6627450980392158
0.6470588235294118
0.6666666666666666
0.6588235294117647
0.7254901960784313
0.7294117647058823
0.7294117647058823
0.7411764705882353
0.7450980392156863
0.7294117647058823
0.7098039215686275
0.7019607843137254
0.6901960784313725
0.6745098039215687
0.6980392156862745
0.7019607843137254
0.7019607843137254
0.6901960784313725
0.6862745098039216
0.6745098039215685
0.6431372549019607
0.6784313725490196
0.6705882352941176
0.6588235294117647
0.6392156862745098
0.5843137254901961
0.6627450980392157
0.592156862745098
0.5882352941176471
0.6470588235294117
0.6588235294117646
0.6666666666666666
0.6745098039215686
0.6862745098039216
0.7254901960784312
0.6941176470588235
0.7137254901960784
0.7294117647058823
0.7529411764705882
0.7490196078431373
0.6784313725490196
0.5529411764705883
0.5372549019607844
0.5411764705882354
0.6235294117647059
0.6862745098039216
0.7019607843137254
0.6823529411764706
0.7019607843137254
0.7019607843137254
0.6901960784313725
0.6705882352941176
0.6549019607843137
0.6627450980392157
0.6549019607843137
0.6509803921568628
0.6549019607843137
0.6470588235294118
0.5921568627450979
0.5764705882352941
0.5803921568627451
0.6627450980392158
0.6823529411764706
0.6627450980392157
0.6745098039215686
0.6980392156862745
0.6980392156862745
0.6901960784313725
0.6862745098039216
0.7058823529411765
0.6666666666666667
0.5411764705882353
0.4
0.34901960784313724
0.32941176470588235
0.3176470588235294
0.3568627450980392
0.44705882352941173
0.5529411764705883
0.6901960784313725
0.7098039215686274
0.7019607843137254
0.7058823529411765
0.6784313725490196
0.6549019607843137
0.6588235294117647
0.6549019607843137
0.6470588235294118
0.6627450980392157
0.6509803921568628
0.6509803921568628
0.5764705882352941
0.5843137254901961
0.6588235294117647
0.6823529411764706
0.6588235294117647
0.6823529411764706
0.6705882352941176
0.6745098039215686
0.6745098039215686
0.6666666666666666
0.596078431372549
0.43137254901960786
0.3411764705882353
0.3137254901960784
0.34901960784313724
0.3568627450980392
0.32941176470588235
0.29411764705882354
0.2588235294117647
0.3137254901960784
0.5176470588235295
0.6431372549019608
0.7019607843137254
0.6980392156862745
0.6901960784313725
0.6666666666666666
0.6313725490196078
0.6509803921568628
0.6666666666666666
0.6627450980392157
0.6509803921568628
0.6588235294117647
0.6509803921568628
0.6313725490196078
0.6862745098039216
0.6470588235294118
0.6470588235294118
0.6627450980392157
0.6509803921568628
0.6509803921568628
0.6745098039215686
0.5764705882352941
0.36470588235294116
0.3058823529411765
0.3529411764705882
0.36470588235294116
0.34901960784313724
0.3529411764705882
0.34509803921568627
0.32156862745098036
0.2901960784313725
0.22745098039215683
0.28627450980392155
0.44705882352941173
0.6039215686274509
0.6980392156862745
0.6941176470588235
0.6705882352941176
0.6313725490196078
0.6470588235294118
0.6862745098039216
0.6745098039215686
0.6588235294117647
0.6392156862745098
0.6392156862745098
0.6549019607843137
0.6666666666666666
0.6392156862745098
0.6470588235294118
0.6470588235294118
0.6549019607843137
0.6470588235294118
0.6078431372549019
0.5098039215686274
0.28627450980392155
0.28627450980392155
0.36470588235294116
0.36470588235294116
0.3568627450980392
0.3254901960784314
0.3254901960784314
0.3333333333333333
0.3176470588235294
0.27058823529411763
0.26666666666666666
0.28627450980392155
0.4196078431372549
0.615686274509804
0.6627450980392157
0.6588235294117647
0.6705882352941176
0.6705882352941176
0.7019607843137254
0.6627450980392156
0.6470588235294117
0.6313725490196078
0.6352941176470588
0.6470588235294117
0.6705882352941176
0.6549019607843137
0.6745098039215686
0.6666666666666666
0.6941176470588235
0.5882352941176471
0.4196078431372549
0.37254901960784315
0.2588235294117647
0.26666666666666666
0.3058823529411765
0.3333333333333333
0.3607843137254902
0.3254901960784314
0.3137254901960784
0.3137254901960784
0.3176470588235294
0.32941176470588235
0.2901960784313725
0.24705882352941178
0.27450980392156865
0.34509803921568627
0.5372549019607843
0.6549019607843137
0.6666666666666666
0.6784313725490196
0.6980392156862745
0.6627450980392156
0.6235294117647059
0.6588235294117646
0.6549019607843136
0.6352941176470588
0.7019607843137254
0.6745098039215686
0.6784313725490196
0.6941176470588235
0.6823529411764706
0.44313725490196076
0.27450980392156865
0.29411764705882354
0.2784313725490196
0.2784313725490196
0.2823529411764706
0.27450980392156865
0.2823529411764706
0.2901960784313725
0.3137254901960784
0.3058823529411765
0.2784313725490196
0.3058823529411765
0.29411764705882354
0.26666666666666666
0.2627450980392157
0.2588235294117647
0.34901960784313724
0.615686274509804
0.6588235294117647
0.6627450980392157
0.6705882352941176
0.6666666666666667
0.6666666666666667
0.6823529411764706
0.6470588235294117
0.6431372549019607
0.7019607843137254
0.6901960784313725
0.6941176470588235
0.7098039215686275
0.5803921568627451
0.30196078431372547
0.2823529411764706
0.28627450980392155
0.2784313725490196
0.2823529411764706
0.27450980392156865
0.2627450980392157
0.22352941176470587
0.22352941176470587
0.23529411764705882
0.2901960784313725
0.30196078431372547
0.29411764705882354
0.30980392156862746
0.30196078431372547
0.27450980392156865
0.19215686274509802
0.21176470588235294
0.5882352941176471
0.6627450980392157
0.6666666666666666
0.6705882352941176
0.6588235294117647
0.6627450980392157
0.6666666666666666
0.6666666666666665
0.6470588235294117
0.6901960784313725
0.7058823529411765
0.7137254901960784
0.6980392156862745
0.4627450980392157
0.28627450980392155
0.30196078431372547
0.27450980392156865
0.2627450980392157
0.2627450980392157
0.26666666666666666
0.27058823529411763
0.22745098039215683
0.2392156862745098
0.2588235294117647
0.2901960784313725
0.3254901960784314
0.2980392156862745
0.3176470588235294
0.3254901960784314
0.28627450980392155
0.17254901960784313
0.20392156862745098
0.4235294117647059
0.6392156862745098
0.6588235294117647
0.6549019607843137
0.6431372549019608
0.6352941176470588
0.6352941176470588
0.6392156862745098
0.6509803921568627
0.6901960784313725
0.7019607843137254
0.7215686274509804
0.6470588235294118
0.3176470588235294
0.2901960784313725
0.2980392156862745
0.27450980392156865
0.26666666666666666
0.2627450980392157
0.27058823529411763
0.2549019607843137
0.21176470588235294
0.22745098039215683
0.2549019607843137
0.2823529411764706
0.2980392156862745
0.2784313725490196
0.23137254901960785
0.3254901960784314
0.28627450980392155
0.16862745098039217
0.1843137254901961
0.27450980392156865
0.5882352941176471
0.6549019607843137
0.6392156862745098
0.6352941176470588
0.6274509803921569
0.6235294117647059
0.6392156862745098
0.6431372549019607
0.7098039215686275
0.6901960784313725
0.7137254901960784
0.615686274509804
0.2784313725490196
0.27450980392156865
0.28627450980392155
0.29411764705882354
0.29411764705882354
0.27450980392156865
0.2627450980392157
0.24705882352941178
0.1803921568627451
0.14509803921568626
0.15294117647058825
0.19607843137254902
0.20392156862745098
0.17254901960784313
0.14901960784313725
0.20392156862745098
0.19215686274509802
0.1568627450980392
0.1803921568627451
0.18823529411764706
0.44705882352941173
0.6352941176470588
0.6313725490196078
0.6313725490196078
0.6274509803921569
0.6352941176470588
0.6392156862745098
0.6196078431372549
0.7215686274509804
0.6980392156862745
0.7176470588235294
0.615686274509804
0.2784313725490196
0.28627450980392155
0.2980392156862745
0.2901960784313725
0.2980392156862745
0.2784313725490196
0.2627450980392157
0.2431372549019608
0.2
0.13725490196078433
0.1803921568627451
0.19215686274509802
0.15294117647058825
0.1215686274509804
0.14901960784313725
0.10980392156862745
0.0980392156862745
0.11764705882352941
0.15294117647058825
0.12941176470588234
0.3803921568627451
0.6196078431372549
0.6313725490196078
0.6392156862745098
0.6392156862745098
0.611764705882353
0.6352941176470588
0.615686274509804
0.7254901960784313
0.7058823529411765
0.7019607843137254
0.615686274509804
0.32156862745098036
0.2980392156862745
0.2901960784313725
0.25098039215686274
0.27058823529411763
0.2549019607843137
0.2431372549019608
0.21568627450980393
0.20392156862745098
0.1843137254901961
0.22352941176470587
0.2
0.12941176470588234
0.12941176470588234
0.13725490196078433
0.0980392156862745
0.08235294117647059
0.11372549019607842
0.11372549019607842
0.10196078431372549
0.37254901960784315
0.6078431372549019
0.6235294117647059
0.615686274509804
0.6274509803921569
0.6000000000000001
0.6000000000000001
0.6235294117647059
0.7294117647058823
0.6941176470588235
0.6784313725490196
0.6392156862745098
0.3607843137254902
0.26666666666666666
0.27450980392156865
0.25098039215686274
0.2588235294117647
0.23137254901960785
0.22745098039215683
0.20392156862745098
0.21176470588235294
0.2
0.1764705882352941
0.1568627450980392
0.15294117647058825
0.1411764705882353
0.0980392156862745
0.0980392156862745
0.1215686274509804
0.14901960784313725
0.1215686274509804
0.09411764705882353
0.34901960784313724
0.5843137254901961
0.6235294117647059
0.6196078431372549
0.615686274509804
0.603921568627451
0.5921568627450979
0.603921568627451
0.7176470588235294
0.6823529411764706
0.6705882352941176
0.6549019607843137
0.39215686274509803
0.2392156862745098
0.27450980392156865
0.2627450980392157
0.2431372549019608
0.2392156862745098
0.23137254901960785
0.20784313725490194
0.19607843137254902
0.1803921568627451
0.17254901960784313
0.1764705882352941
0.1764705882352941
0.17254901960784313
0.1764705882352941
0.20392156862745098
0.14901960784313725
0.11764705882352941
0.13333333333333333
0.17254901960784313
0.396078431372549
0.5764705882352941
0.6078431372549018
0.6235294117647059
0.6313725490196078
0.603921568627451
0.607843137254902
0.607843137254902
0.7176470588235294
0.6901960784313725
0.6823529411764706
0.6627450980392157
0.5098039215686274
0.2392156862745098
0.27058823529411763
0.27058823529411763
0.25098039215686274
0.22745098039215683
0.19607843137254902
0.17254901960784313
0.15294117647058825
0.16470588235294117
0.18823529411764706
0.23137254901960785
0.2588235294117647
0.2588235294117647
0.24705882352941178
0.19215686274509802
0.13725490196078433
0.11372549019607842
0.22352941176470587
0.3764705882352941
0.5333333333333333
0.5764705882352941
0.6235294117647059
0.6274509803921569
0.6235294117647059
0.615686274509804
0.607843137254902
0.615686274509804
0.7058823529411765
0.6980392156862745
0.6941176470588235
0.6745098039215686
0.5411764705882353
0.2627450980392157
0.2627450980392157
0.26666666666666666
0.2392156862745098
0.22352941176470587
0.19215686274509802
0.1843137254901961
0.15294117647058825
0.19215686274509802
0.1803921568627451
0.30196078431372547
0.30980392156862746
0.22352941176470587
0.1803921568627451
0.17254901960784313
0.14509803921568626
0.19215686274509802
0.33725490196078434
0.5254901960784314
0.5803921568627451
0.592156862745098
0.615686274509804
0.6431372549019607
0.5921568627450982
0.5882352941176472
0.615686274509804
0.6196078431372549
0.6745098039215686
0.6862745098039216
0.6901960784313725
0.6823529411764706
0.5882352941176471
0.4117647058823529
0.29411764705882354
0.2901960784313725
0.2588235294117647
0.24705882352941178
0.20392156862745098
0.21568627450980393
0.1843137254901961
0.18823529411764706
0.22352941176470587
0.2823529411764706
0.18823529411764706
0.16470588235294117
0.15294117647058825
0.1803921568627451
0.14509803921568626
0.23137254901960785
0.36470588235294116
0.5372549019607843
0.5882352941176471
0.5843137254901961
0.6039215686274509
0.6313725490196078
0.615686274509804
0.615686274509804
0.6196078431372549
0.6509803921568627
0.6784313725490196
0.6666666666666666
0.6588235294117647
0.6745098039215686
0.6352941176470588
0.4823529411764706
0.32156862745098036
0.2823529411764706
0.28627450980392155
0.30196078431372547
0.2549019607843137
0.20784313725490194
0.19607843137254902
0.17254901960784313
0.18823529411764706
0.11764705882352941
0.1411764705882353
0.16078431372549018
0.1568627450980392
0.15294117647058825
0.1803921568627451
0.25098039215686274
0.42745098039215684
0.5450980392156862
0.6039215686274509
0.6039215686274509
0.6078431372549019
0.6117647058823529
0.6313725490196078
0.6196078431372549
0.6313725490196078
0.6352941176470588
0.6705882352941176
0.6627450980392157
0.6705882352941176
0.6784313725490196
0.6392156862745098
0.596078431372549
0.4823529411764706
0.2784313725490196
0.2823529411764706
0.27450980392156865
0.2392156862745098
0.16862745098039217
0.1764705882352941
0.1568627450980392
0.14509803921568626
0.13725490196078433
0.16470588235294117
0.1764705882352941
0.1803921568627451
0.20784313725490194
0.23529411764705882
0.27450980392156865
0.40784313725490196
0.5372549019607843
0.6196078431372549
0.603921568627451
0.6196078431372549
0.6039215686274509
0.615686274509804
0.6274509803921569
0.611764705882353
0.6392156862745098
0.6431372549019608
0.6862745098039216
0.7058823529411765
0.6980392156862745
0.6745098039215686
0.6705882352941176
0.5764705882352941
0.3803921568627451
0.2784313725490196
0.2392156862745098
0.22352941176470587
0.2
0.1843137254901961
0.14509803921568626
0.14509803921568626
0.19215686274509802
0.2
0.21568627450980393
0.23137254901960785
0.25098039215686274
0.27058823529411763
0.28627450980392155
0.4196078431372549
0.5137254901960784
0.6
0.6235294117647059
0.6196078431372549
0.6039215686274509
0.6078431372549019
0.607843137254902
0.6274509803921569
0.6392156862745098
0.6549019607843137
0.7019607843137254
0.7215686274509804
0.7137254901960784
0.6901960784313725
0.6823529411764706
0.6274509803921569
0.4666666666666667
0.30980392156862746
0.2431372549019608
0.20392156862745098
0.2
0.1803921568627451
0.18823529411764706
0.1843137254901961
0.21568627450980393
0.22745098039215683
0.2549019607843137
0.2588235294117647
0.26666666666666666
0.27450980392156865
0.2901960784313725
0.43137254901960786
0.5058823529411764
0.5725490196078431
0.6235294117647059
0.6313725490196078
0.6235294117647059
0.6196078431372549
0.6235294117647059
0.6509803921568627
0.6274509803921569
0.6980392156862745
0.7137254901960784
0.7254901960784313
0.7098039215686275
0.6941176470588235
0.6745098039215686
0.6470588235294118
0.5568627450980392
0.4392156862745098
0.2980392156862745
0.23529411764705882
0.20784313725490194
0.16862745098039217
0.17254901960784313
0.22352941176470587
0.22745098039215683
0.2392156862745098
0.2549019607843137
0.2627450980392157
0.2784313725490196
0.2823529411764706
0.30980392156862746
0.3803921568627451
0.5098039215686274
0.5686274509803921
0.592156862745098
0.596078431372549
0.615686274509804
0.6235294117647059
0.6235294117647059
0.6392156862745098
0.6313725490196078
0.7098039215686275
0.7019607843137254
0.7019607843137254
0.6941176470588235
0.7019607843137254
0.6784313725490196
0.6627450980392157
0.6431372549019608
0.5568627450980392
0.403921568627451
0.3254901960784314
0.20392156862745098
0.18823529411764706
0.16078431372549018
0.19607843137254902
0.22352941176470587
0.2627450980392157
0.2627450980392157
0.2784313725490196
0.28627450980392155
0.28627450980392155
0.32156862745098036
0.3803921568627451
0.4980392156862745
0.5607843137254902
0.5882352941176471
0.6
0.6235294117647059
0.615686274509804
0.6196078431372549
0.6431372549019607
0.6392156862745098
0.7019607843137254
0.7019607843137254
0.6980392156862745
0.7098039215686275
0.7058823529411765
0.6862745098039216
0.6823529411764706
0.6705882352941176
0.5803921568627451
0.5254901960784314
0.4156862745098039
0.2823529411764706
0.23529411764705882
0.22745098039215686
0.27450980392156865
0.32156862745098036
0.27058823529411763
0.28627450980392155
0.2980392156862745
0.29411764705882354
0.29411764705882354
0.33725490196078434
0.39215686274509803
0.5019607843137255
0.5647058823529412
0.6117647058823529
0.6274509803921569
0.6313725490196078
0.615686274509804
0.615686274509804
0.6392156862745098
0.6313725490196078
0.7058823529411765
0.7176470588235294
0.7058823529411765
0.6980392156862745
0.6980392156862745
0.6980392156862745
0.6901960784313725
0.6117647058823529
0.6117647058823529
0.5803921568627451
0.5176470588235295
0.42745098039215684
0.3411764705882353
0.3764705882352941
0.4156862745098039
0.3529411764705882
0.3411764705882353
0.34901960784313724
0.3176470588235294
0.30196078431372547
0.3137254901960784
0.3568627450980392
0.40784313725490196
0.44705882352941173
0.5803921568627451
0.6196078431372549
0.6274509803921569
0.6196078431372549
0.6078431372549019
0.6196078431372549
0.6431372549019608
0.6470588235294118
0.7058823529411765
0.7019607843137254
0.6862745098039216
0.6823529411764706
0.7019607843137254
0.7058823529411765
0.7137254901960784
0.6313725490196078
0.6196078431372549
0.596078431372549
0.5764705882352941
0.5764705882352941
0.5450980392156862
0.5490196078431372
0.5568627450980392
0.5098039215686274
0.4745098039215686
0.4549019607843137
0.44313725490196076
0.4392156862745098
0.42745098039215684
0.403921568627451
0.42745098039215684
0.44705882352941173
0.5803921568627451
0.6078431372549019
0.6078431372549019
0.6117647058823529
0.6039215686274509
0.6196078431372549
0.6196078431372549
0.615686274509804
0.6862745098039216
0.6745098039215686
0.6745098039215686
0.6941176470588235
0.7137254901960784
0.7058823529411765
0.6509803921568628
0.6235294117647059
0.6117647058823529
0.6078431372549019
0.596078431372549
0.6117647058823529
0.596078431372549
0.592156862745098
0.6039215686274509
0.5803921568627451
0.5372549019607843
0.5333333333333332
0.5490196078431371
0.5254901960784313
0.5490196078431371
0.5294117647058822
0.5294117647058822
0.49411764705882355
0.5098039215686274
0.6039215686274509
0.596078431372549
0.5882352941176471
0.592156862745098
0.6235294117647059
0.6117647058823529
0.6117647058823529
0.6509803921568628
0.6274509803921569
0.615686274509804
0.615686274509804
0.6274509803921569
0.6196078431372549
0.6235294117647059
0.6509803921568628
0.6431372549019608
0.6431372549019608
0.6431372549019608
0.6470588235294118
0.6470588235294118
0.6666666666666665
0.6313725490196078
0.6117647058823529
0.6
0.6000000000000001
0.6078431372549019
0.592156862745098
0.5725490196078431
0.5764705882352941
0.5764705882352941
0.5843137254901961
0.5764705882352941
0.596078431372549
0.596078431372549
0.5764705882352941
0.5607843137254902
0.5490196078431372
0.5529411764705883
0.5647058823529412
0.6509803921568628
0.6235294117647059
0.6274509803921569
0.6392156862745098
0.6313725490196078
0.6313725490196078
0.6313725490196078
0.6431372549019608
0.6392156862745098
0.6470588235294118
0.6588235294117647
0.6627450980392157
0.6588235294117648
0.7176470588235294
0.7215686274509804
0.6941176470588235
0.6117647058823529
0.6
0.6235294117647059
0.6235294117647059
0.6117647058823529
0.5803921568627451
0.5803921568627451
0.6
0.596078431372549
0.6039215686274509
0.6
0.5529411764705883
0.5529411764705883
0.5647058823529412
0.5607843137254902
0.5764705882352941
0.6352941176470588
0.6235294117647059
0.6235294117647059
0.6274509803921569
0.6274509803921569
0.6470588235294118
0.6431372549019608
0.6431372549019608
0.6431372549019609
0.6392156862745098
0.6470588235294119
0.6549019607843137
0.6431372549019608
0.6470588235294118
0.6313725490196078
0.6117647058823529
0.6196078431372549
0.6
0.6196078431372549
0.6431372549019608
0.6274509803921569
0.592156862745098
0.6
0.6235294117647059
0.615686274509804
0.6078431372549019
0.5882352941176471
0.5490196078431372
0.5529411764705883
0.5803921568627451
0.5803921568627451
0.5764705882352941
0.6313725490196078
0.6274509803921569
0.6235294117647059
0.6117647058823529
0.6352941176470588
0.6509803921568628
0.6431372549019608
0.6470588235294119
0.6509803921568628
0.6549019607843137
0.6666666666666666
0.6705882352941177
0.7137254901960784
0.6823529411764706
0.6705882352941176
0.6470588235294119
0.6274509803921569
0.6431372549019607
0.6274509803921571
0.6274509803921569
0.615686274509804
0.6117647058823529
0.6
0.596078431372549
0.6
0.592156862745098
0.5803921568627451
0.5607843137254902
0.5686274509803921
0.5843137254901961
0.5764705882352941
0.5764705882352941
0.6313725490196078
0.6117647058823529
0.6196078431372549
0.6078431372549019
0.6392156862745098
0.6470588235294118
0.6784313725490196
0.6980392156862745
0.7137254901960784
0.7098039215686274
0.7372549019607842
0.6666666666666666
0.5843137254901961
0.5294117647058824
0.5450980392156862
0.5960784313725489
0.6588235294117646
0.6784313725490196
0.6392156862745098
0.6274509803921569
0.6274509803921569
0.615686274509804
0.592156862745098
0.5764705882352941
0.5843137254901961
0.5764705882352941
0.5725490196078431
0.5764705882352941
0.5686274509803921
0.5607843137254902
0.5607843137254902
0.5686274509803921
0.6392156862745098
0.615686274509804
0.6549019607843136
0.6196078431372549
0.6431372549019607
0.6901960784313725
0.6823529411764706
0.6784313725490196
0.6941176470588235
0.6941176470588235
0.5176470588235295
0.3764705882352941
0.3254901960784314
0.3058823529411765
0.2901960784313725
0.3333333333333333
0.42745098039215684
0.580392156862745
0.6705882352941176
0.6313725490196078
0.6196078431372549
0.6196078431372549
0.615686274509804
0.5764705882352941
0.615686274509804
0.5960784313725491
0.5725490196078431
0.5843137254901961
0.5725490196078431
0.588235294117647
0.5607843137254902
0.5686274509803921
0.6470588235294118
0.6078431372549019
0.6470588235294118
0.6235294117647059
0.6666666666666665
0.6705882352941176
0.6745098039215686
0.6666666666666666
0.5843137254901961
0.403921568627451
0.30980392156862746
0.2823529411764706
0.3176470588235294
0.32941176470588235
0.3058823529411765
0.27058823529411763
0.2431372549019608
0.29411764705882354
0.49411764705882355
0.6352941176470588
0.6117647058823529
0.6352941176470588
0.603921568627451
0.6235294117647059
0.6196078431372549
0.6235294117647059
0.592156862745098
0.5882352941176471
0.5725490196078431
0.5803921568627451
0.5725490196078431
0.5686274509803921
0.6117647058823529
0.6352941176470588
0.6352941176470588
0.6509803921568628
0.6392156862745098
0.6392156862745098
0.6666666666666666
0.5686274509803921
0.34901960784313724
0.2784313725490196
0.3254901960784314
0.3333333333333333
0.34901960784313724
0.32156862745098036
0.3764705882352941
0.30980392156862746
0.26666666666666666
0.20392156862745098
0.2588235294117647
0.4196078431372549
0.607843137254902
0.6549019607843136
0.6274509803921569
0.6431372549019607
0.6196078431372549
0.6196078431372549
0.6078431372549019
0.596078431372549
0.5803921568627451
0.5764705882352941
0.5607843137254902
0.5764705882352941
0.6509803921568627
0.6274509803921569
0.6352941176470588
0.6313725490196078
0.6313725490196078
0.6235294117647059
0.5882352941176471
0.49411764705882355
0.2627450980392157
0.2784313725490196
0.33725490196078434
0.33725490196078434
0.3254901960784314
0.3254901960784314
0.29411764705882354
0.30196078431372547
0.3333333333333333
0.30196078431372547
0.2392156862745098
0.2588235294117647
0.39215686274509803
0.5882352941176471
0.6431372549019608
0.6470588235294118
0.6588235294117647
0.611764705882353
0.6274509803921569
0.615686274509804
0.6
0.584313725490196
0.5568627450980392
0.5803921568627451
0.6431372549019607
0.6431372549019607
0.6627450980392157
0.6509803921568628
0.615686274509804
0.5568627450980392
0.38823529411764707
0.34509803921568627
0.23529411764705882
0.2431372549019608
0.2784313725490196
0.3058823529411765
0.3333333333333333
0.3568627450980392
0.30196078431372547
0.34509803921568627
0.34509803921568627
0.29411764705882354
0.2588235294117647
0.2196078431372549
0.24705882352941178
0.3176470588235294
0.5176470588235293
0.6431372549019608
0.6549019607843137
0.6352941176470588
0.6235294117647059
0.615686274509804
0.6078431372549019
0.596078431372549
0.5764705882352941
0.5882352941176471
0.6588235294117648
0.6
0.6039215686274509
0.6117647058823529
0.6431372549019608
0.403921568627451
0.2392156862745098
0.2588235294117647
0.25098039215686274
0.2549019607843137
0.2588235294117647
0.24705882352941178
0.2549019607843137
0.26666666666666666
0.3529411764705882
0.33725490196078434
0.30980392156862746
0.3333333333333333
0.3254901960784314
0.2392156862745098
0.2392156862745098
0.23529411764705882
0.32941176470588235
0.6039215686274509
0.6470588235294118
0.6196078431372549
0.596078431372549
0.6039215686274509
0.6039215686274509
0.6039215686274509
0.6
0.596078431372549
0.6235294117647059
0.6117647058823529
0.6784313725490196
0.6901960784313725
0.5450980392156862
0.26666666666666666
0.25098039215686274
0.25098039215686274
0.25098039215686274
0.2588235294117647
0.24705882352941178
0.23529411764705882
0.19215686274509802
0.2
0.20784313725490194
0.3254901960784314
0.3333333333333333
0.32156862745098036
0.3411764705882353
0.30196078431372547
0.24705882352941178
0.16862745098039217
0.19215686274509802
0.5764705882352941
0.6509803921568628
0.592156862745098
0.6
0.5843137254901961
0.5843137254901961
0.5882352941176471
0.5882352941176471
0.5843137254901961
0.6745098039215686
0.6274509803921569
0.6352941176470588
0.6823529411764706
0.4392156862745098
0.2627450980392157
0.27450980392156865
0.24705882352941178
0.23529411764705882
0.23529411764705882
0.2392156862745098
0.2392156862745098
0.19607843137254902
0.21176470588235294
0.23137254901960785
0.30980392156862746
0.3411764705882353
0.32941176470588235
0.30588235294117644
0.29411764705882354
0.2549019607843137
0.14901960784313725
0.1843137254901961
0.43529411764705883
0.6274509803921569
0.596078431372549
0.6274509803921569
0.6196078431372547
0.5882352941176472
0.5725490196078431
0.5764705882352941
0.588235294117647
0.6745098039215686
0.6862745098039216
0.6431372549019608
0.6274509803921569
0.3568627450980392
0.26666666666666666
0.27450980392156865
0.25098039215686274
0.2431372549019608
0.23529411764705882
0.2431372549019608
0.22352941176470587
0.1764705882352941
0.2
0.23137254901960785
0.3176470588235294
0.3333333333333333
0.3137254901960784
0.20784313725490194
0.2980392156862745
0.2549019607843137
0.14509803921568626
0.16078431372549018
0.2549019607843137
0.5764705882352941
0.6549019607843137
0.6431372549019608
0.5960784313725491
0.6078431372549018
0.5607843137254902
0.5764705882352941
0.596078431372549
0.6941176470588235
0.6745098039215686
0.6352941176470588
0.596078431372549
0.3176470588235294
0.25098039215686274
0.2627450980392157
0.27058823529411763
0.27058823529411763
0.25098039215686274
0.23529411764705882
0.2196078431372549
0.15294117647058825
0.12549019607843137
0.13725490196078433
0.17254901960784313
0.22745098039215686
0.14901960784313725
0.12941176470588234
0.1803921568627451
0.16078431372549018
0.12549019607843137
0.15294117647058825
0.16470588235294117
0.4666666666666667
0.6352941176470588
0.5921568627450979
0.5960784313725489
0.5647058823529412
0.5568627450980392
0.5921568627450979
0.5725490196078431
0.6745098039215687
0.6823529411764706
0.6392156862745098
0.6
0.2588235294117647
0.2627450980392157
0.27450980392156865
0.27058823529411763
0.2784313725490196
0.2549019607843137
0.2392156862745098
0.21568627450980393
0.17254901960784313
0.11764705882352941
0.16470588235294117
0.1764705882352941
0.13333333333333333
0.13333333333333333
0.12941176470588234
0.13333333333333333
0.13333333333333333
0.1215686274509804
0.12549019607843137
0.10980392156862745
0.37254901960784315
0.6196078431372549
0.5764705882352941
0.5686274509803921
0.5607843137254902
0.5647058823529412
0.5725490196078431
0.5686274509803921
0.6627450980392158
0.6901960784313725
0.6705882352941175
0.6
0.30196078431372547
0.2784313725490196
0.27058823529411763
0.23137254901960785
0.25098039215686274
0.23529411764705882
0.2196078431372549
0.18823529411764706
0.1803921568627451
0.16470588235294117
0.20784313725490194
0.1843137254901961
0.10980392156862745
0.10980392156862745
0.11764705882352941
0.11764705882352941
0.11764705882352941
0.13725490196078433
0.10980392156862745
0.08235294117647059
0.36470588235294116
0.5764705882352941
0.5803921568627453
0.5803921568627451
0.5647058823529412
0.5529411764705883
0.5529411764705883
0.5450980392156863
0.6549019607843137
0.6784313725490196
0.6666666666666666
0.6235294117647059
0.3411764705882353
0.24705882352941178
0.2549019607843137
0.23137254901960785
0.23529411764705882
0.21176470588235294
0.20392156862745098
0.1764705882352941
0.1843137254901961
0.1764705882352941
0.1568627450980392
0.13333333333333333
0.12941176470588234
0.11764705882352941
0.07450980392156863
0.07058823529411765
0.09411764705882353
0.13333333333333333
0.10588235294117648
0.09019607843137255
0.33725490196078434
0.5843137254901961
0.5647058823529412
0.5529411764705885
0.584313725490196
0.588235294117647
0.5607843137254902
0.5568627450980392
0.6862745098039216
0.6823529411764706
0.6705882352941176
0.6509803921568628
0.37254901960784315
0.2196078431372549
0.24705882352941178
0.22745098039215683
0.21176470588235294
0.21568627450980393
0.20784313725490194
0.1843137254901961
0.16862745098039217
0.14509803921568626
0.13333333333333333
0.13333333333333333
0.13725490196078433
0.13333333333333333
0.15294117647058825
0.1803921568627451
0.16078431372549018
0.12549019607843137
0.11764705882352941
0.16078431372549018
0.37254901960784315
0.5647058823529412
0.5686274509803921
0.5490196078431373
0.584313725490196
0.5725490196078431
0.5764705882352941
0.5607843137254902
0.7215686274509804
0.6941176470588235
0.6862745098039216
0.6627450980392157
0.49411764705882355
0.2196078431372549
0.2431372549019608
0.23137254901960785
0.2196078431372549
0.20392156862745098
0.20392156862745098
0.14509803921568626
0.17254901960784313
0.18823529411764706
0.20784313725490194
0.18823529411764706
0.21568627450980393
0.22352941176470587
0.22745098039215683
0.1764705882352941
0.14509803921568626
0.15294117647058825
0.20784313725490194
0.3686274509803922
0.5215686274509803
0.5647058823529412
0.5921568627450979
0.5803921568627451
0.5764705882352941
0.5686274509803921
0.5764705882352941
0.5686274509803921
0.7098039215686275
0.7019607843137254
0.6980392156862745
0.6745098039215686
0.5333333333333333
0.24705882352941178
0.2431372549019608
0.23529411764705882
0.21568627450980393
0.2
0.1843137254901961
0.16078431372549018
0.1568627450980392
0.16078431372549018
0.21176470588235294
0.27058823529411763
0.27450980392156865
0.21176470588235294
0.19215686274509802
0.1568627450980392
0.1568627450980392
0.16862745098039217
0.32156862745098036
0.5176470588235293
0.5686274509803921
0.5803921568627451
0.5686274509803921
0.5960784313725489
0.5764705882352941
0.5725490196078431
0.584313725490196
0.5686274509803921
0.6784313725490196
0.6901960784313725
0.6941176470588235
0.6862745098039216
0.5843137254901961
0.4
0.27450980392156865
0.26666666666666666
0.23529411764705882
0.22352941176470587
0.19607843137254902
0.18823529411764706
0.1568627450980392
0.16470588235294117
0.2
0.2588235294117647
0.16470588235294117
0.1411764705882353
0.13725490196078433
0.16470588235294117
0.18823529411764706
0.20784313725490194
0.34901960784313724
0.5254901960784314
0.5764705882352941
0.5686274509803921
0.5882352941176471
0.5843137254901962
0.584313725490196
0.5686274509803921
0.5725490196078431
0.5725490196078431
0.6823529411764706
0.6705882352941176
0.6627450980392157
0.6784313725490196
0.6352941176470588
0.4784313725490196
0.3058823529411765
0.2627450980392157
0.2627450980392157
0.2784313725490196
0.23137254901960785
0.1843137254901961
0.16862745098039217
0.21176470588235294
0.18823529411764706
0.16470588235294117
0.12549019607843137
0.14509803921568626
0.1568627450980392
0.13333333333333333
0.1764705882352941
0.22745098039215683
0.4117647058823529
0.5372549019607843
0.5764705882352941
0.5921568627450979
0.592156862745098
0.6
0.5843137254901962
0.588235294117647
0.6000000000000001
0.5725490196078431
0.6745098039215686
0.6666666666666666
0.6745098039215686
0.6823529411764706
0.6431372549019608
0.592156862745098
0.4745098039215686
0.2627450980392157
0.2627450980392157
0.25098039215686274
0.21568627450980393
0.19215686274509802
0.14901960784313725
0.1411764705882353
0.12941176470588234
0.12156862745098039
0.14901960784313725
0.16078431372549018
0.16078431372549018
0.19215686274509802
0.21568627450980393
0.25098039215686274
0.39215686274509803
0.5254901960784314
0.5450980392156862
0.5764705882352941
0.5725490196078431
0.5882352941176471
0.5686274509803921
0.5843137254901962
0.596078431372549
0.592156862745098
0.6392156862745098
0.6784313725490196
0.7019607843137254
0.6901960784313725
0.6705882352941176
0.6627450980392157
0.5686274509803921
0.3529411764705882
0.2588235294117647
0.20784313725490194
0.22352941176470587
0.20392156862745098
0.1568627450980392
0.11764705882352941
0.12156862745098039
0.16862745098039217
0.1411764705882353
0.19215686274509802
0.20784313725490194
0.23137254901960785
0.25098039215686274
0.2627450980392157
0.403921568627451
0.5058823529411764
0.5254901960784314
0.6117647058823528
0.6039215686274508
0.596078431372549
0.6039215686274508
0.6000000000000001
0.5921568627450982
0.6196078431372549
0.6392156862745098
0.6862745098039216
0.7058823529411764
0.6823529411764704
0.6784313725490196
0.6666666666666666
0.615686274509804
0.4549019607843137
0.32941176470588235
0.2196078431372549
0.19607843137254902
0.16470588235294117
0.14901960784313725
0.1568627450980392
0.15294117647058825
0.1843137254901961
0.19607843137254902
0.22745098039215683
0.23529411764705882
0.2431372549019608
0.25098039215686274
0.26666666666666666
0.4156862745098039
0.49411764705882355
0.5607843137254902
0.580392156862745
0.5882352941176472
0.5921568627450982
0.5607843137254902
0.5960784313725491
0.607843137254902
0.6313725490196078
0.6823529411764706
0.6666666666666667
0.7098039215686274
0.6941176470588235
0.6666666666666667
0.6627450980392157
0.6352941176470588
0.5490196078431372
0.4156862745098039
0.3254901960784314
0.25098039215686274
0.1803921568627451
0.1411764705882353
0.14509803921568626
0.19607843137254902
0.2
0.21176470588235294
0.22745098039215683
0.2392156862745098
0.2549019607843137
0.2588235294117647
0.28627450980392155
0.3803921568627451
0.4980392156862745
0.5568627450980392
0.5803921568627451
0.5843137254901961
0.615686274509804
0.5647058823529414
0.6274509803921569
0.611764705882353
0.6196078431372549
0.6941176470588235
0.6862745098039216
0.6862745098039216
0.6784313725490196
0.6901960784313725
0.6666666666666666
0.6509803921568628
0.6313725490196078
0.5372549019607842
0.3803921568627451
0.27450980392156865
0.24705882352941178
0.16862745098039217
0.1411764705882353
0.1764705882352941
0.20392156862745098
0.2431372549019608
0.2431372549019608
0.2549019607843137
0.2627450980392157
0.2627450980392157
0.2980392156862745
0.36470588235294116
0.48627450980392156
0.5490196078431372
0.5764705882352941
0.5882352941176471
0.6235294117647059
0.6196078431372549
0.6235294117647059
0.615686274509804
0.6117647058823529
0.6862745098039216
0.6862745098039216
0.6823529411764706
0.6941176470588235
0.6941176470588235
0.6745098039215686
0.6705882352941176
0.596078431372549
0.5686274509803921
0.5137254901960784
0.403921568627451
0.33725490196078434
0.22745098039215686
0.21568627450980393
0.2627450980392157
0.24705882352941178
0.2627450980392157
0.27450980392156865
0.27450980392156865
0.27058823529411763
0.27058823529411763
0.3137254901960784
0.3764705882352941
0.49019607843137253
0.5529411764705883
0.6
0.615686274509804
0.6274509803921569
0.6196078431372549
0.6196078431372549
0.611764705882353
0.6039215686274509
0.6862745098039216
0.7019607843137254
0.6901960784313725
0.6862745098039216
0.6862745098039216
0.6862745098039216
0.6784313725490196
0.6
0.6039215686274509
0.5764705882352941
0.5137254901960784
0.4235294117647059
0.3411764705882353
0.3803921568627451
0.4156862745098039
0.3529411764705882
0.34509803921568627
0.2980392156862745
0.2823529411764706
0.2784313725490196
0.2901960784313725
0.3333333333333333
0.38823529411764707
0.43529411764705883
0.5686274509803921
0.6078431372549019
0.615686274509804
0.6196078431372549
0.6117647058823529
0.607843137254902
0.615686274509804
0.603921568627451
0.6941176470588235
0.6901960784313725
0.6745098039215686
0.6705882352941176
0.6901960784313725
0.6941176470588235
0.6980392156862745
0.6196078431372549
0.6117647058823529
0.592156862745098
0.5725490196078431
0.5764705882352941
0.5411764705882353
0.5490196078431372
0.5529411764705883
0.5058823529411764
0.44313725490196076
0.44705882352941173
0.4235294117647059
0.37254901960784315
0.3607843137254902
0.38431372549019605
0.4156862745098039
0.44313725490196076
0.5725490196078431
0.6
0.6
0.615686274509804
0.6078431372549019
0.6235294117647059
0.6235294117647059
0.6196078431372549
0.6745098039215685
0.6784313725490196
0.6745098039215686
0.6941176470588235
0.6980392156862745
0.6901960784313725
0.6352941176470588
0.6078431372549019
0.6
0.596078431372549
0.5882352941176471
0.6
0.5882352941176471
0.5803921568627451
0.596078431372549
0.5686274509803921
0.5254901960784314
0.49411764705882355
0.5058823529411764
0.5137254901960784
0.5058823529411764
0.5019607843137255
0.49411764705882355
0.49411764705882355
0.5137254901960784
0.6039215686274509
0.596078431372549
0.592156862745098
0.596078431372549
0.6274509803921569
0.615686274509804
0.615686274509804
0.7137254901960784
0.6901960784313725
0.6784313725490196
0.6784313725490196
0.6941176470588235
0.6862745098039216
0.6901960784313725
0.7176470588235294
0.7098039215686275
0.7098039215686275
0.7098039215686275
0.7176470588235294
0.7137254901960784
0.6588235294117647
0.6392156862745098
0.5882352941176472
0.5725490196078431
0.5490196078431373
0.5843137254901961
0.5725490196078431
0.5529411764705883
0.5725490196078431
0.5607843137254902
0.5725490196078431
0.5647058823529412
0.5843137254901961
0.5843137254901961
0.5647058823529412
0.5490196078431372
0.5529411764705883
0.6039215686274509
0.6117647058823529
0.7137254901960784
0.6862745098039216
0.6901960784313725
0.7058823529411765
0.6980392156862745
0.6980392156862745
0.6980392156862745
0.7098039215686275
0.7058823529411765
0.7098039215686275
0.7058823529411764
0.7254901960784313
0.7215686274509804
0.6980392156862745
0.6941176470588235
0.6705882352941176
0.6470588235294117
0.5764705882352941
0.6196078431372549
0.6039215686274509
0.592156862745098
0.5607843137254902
0.5647058823529412
0.5882352941176471
0.5843137254901961
0.592156862745098
0.5882352941176471
0.5411764705882353
0.5411764705882353
0.5529411764705883
0.6117647058823529
0.6274509803921569
0.6980392156862745
0.6862745098039216
0.6862745098039216
0.6901960784313725
0.6941176470588235
0.7137254901960784
0.7098039215686275
0.7098039215686275
0.7019607843137254
0.6901960784313725
0.7019607843137254
0.6941176470588235
0.6823529411764706
0.6980392156862745
0.6823529411764706
0.6627450980392157
0.6745098039215686
0.6509803921568628
0.6666666666666666
0.6862745098039216
0.6705882352941176
0.6352941176470588
0.6470588235294118
0.6117647058823529
0.6039215686274509
0.596078431372549
0.5764705882352941
0.5372549019607843
0.5568627450980392
0.5686274509803921
0.6313725490196078
0.6274509803921569
0.6941176470588235
0.6901960784313725
0.6862745098039216
0.6745098039215686
0.7019607843137254
0.7176470588235294
0.7098039215686275
0.7137254901960784
0.7058823529411765
0.6980392156862745
0.7098039215686275
0.7137254901960784
0.6941176470588235
0.6666666666666666
0.6588235294117647
0.6627450980392157
0.6784313725490196
0.6745098039215686
0.6705882352941176
0.6705882352941176
0.6588235294117647
0.6549019607843137
0.6470588235294117
0.615686274509804
0.5882352941176472
0.5803921568627451
0.5686274509803921
0.5490196078431372
0.5568627450980392
0.5725490196078431
0.5647058823529412
0.6235294117647059
0.6941176470588235
0.6745098039215686
0.6666666666666666
0.6705882352941176
0.7058823529411765
0.7137254901960784
0.6980392156862745
0.7019607843137254
0.7019607843137254
0.7137254901960784
0.7098039215686275
0.6431372549019608
0.5607843137254902
0.5019607843137255
0.5176470588235293
0.5843137254901961
0.6431372549019608
0.6509803921568628
0.6470588235294118
0.6705882352941176
0.6705882352941176
0.6588235294117647
0.6392156862745098
0.6274509803921569
0.6352941176470588
0.5960784313725491
0.6235294117647059
0.5647058823529412
0.6196078431372549
0.5490196078431372
0.5490196078431372
0.5568627450980395
0.6941176470588235
0.6666666666666666
0.6470588235294118
0.6588235294117647
0.6862745098039216
0.6862745098039216
0.6705882352941176
0.6627450980392157
0.6705882352941176
0.6666666666666666
0.5137254901960784
0.36470588235294116
0.3137254901960784
0.27450980392156865
0.24705882352941178
0.2784313725490196
0.39215686274509803
0.5294117647058824
0.6274509803921569
0.6588235294117647
0.6588235294117647
0.6705882352941176
0.6470588235294118
0.6235294117647059
0.6313725490196078
0.6274509803921569
0.5882352941176472
0.5686274509803921
0.5607843137254902
0.6235294117647059
0.5647058823529412
0.5725490196078431
0.6901960784313725
0.6509803921568628
0.6235294117647059
0.6588235294117647
0.6588235294117647
0.6549019607843137
0.6470588235294118
0.6274509803921569
0.5411764705882353
0.403921568627451
0.2901960784313725
0.3058823529411765
0.34901960784313724
0.36470588235294116
0.32156862745098036
0.27058823529411763
0.1568627450980392
0.20784313725490194
0.43137254901960786
0.6352941176470588
0.6431372549019608
0.6588235294117647
0.6549019607843137
0.6352941176470588
0.596078431372549
0.5882352941176472
0.5725490196078433
0.588235294117647
0.5921568627450982
0.5686274509803921
0.5607843137254902
0.5529411764705885
0.6549019607843137
0.615686274509804
0.615686274509804
0.6352941176470588
0.6274509803921569
0.6196078431372549
0.6352941176470588
0.5568627450980392
0.35294117647058826
0.2392156862745098
0.34509803921568627
0.38431372549019605
0.37254901960784315
0.3686274509803922
0.3529411764705882
0.32156862745098036
0.2823529411764706
0.21568627450980393
0.21176470588235294
0.3764705882352941
0.6039215686274509
0.6509803921568628
0.6588235294117647
0.6392156862745098
0.6
0.615686274509804
0.6235294117647059
0.611764705882353
0.6000000000000001
0.580392156862745
0.580392156862745
0.5960784313725491
0.6313725490196078
0.6078431372549019
0.615686274509804
0.615686274509804
0.615686274509804
0.6039215686274509
0.5529411764705883
0.44705882352941173
0.21568627450980393
0.2784313725490196
0.36470588235294116
0.3764705882352941
0.3764705882352941
0.34509803921568627
0.34901960784313724
0.3529411764705882
0.33725490196078434
0.28627450980392155
0.23529411764705882
0.22352941176470587
0.3607843137254902
0.5568627450980392
0.615686274509804
0.6274509803921569
0.6392156862745098
0.6392156862745098
0.6392156862745098
0.6627450980392156
0.6196078431372549
0.5882352941176472
0.5764705882352941
0.6000000000000001
0.6392156862745098
0.6235294117647059
0.6431372549019608
0.6313725490196078
0.6431372549019608
0.5294117647058824
0.396078431372549
0.2901960784313725
0.2392156862745098
0.24705882352941178
0.2980392156862745
0.33725490196078434
0.37254901960784315
0.33725490196078434
0.32941176470588235
0.33725490196078434
0.34509803921568627
0.3568627450980392
0.3058823529411765
0.19215686274509802
0.21176470588235294
0.33725490196078434
0.48627450980392156
0.6235294117647059
0.6352941176470588
0.6470588235294118
0.6666666666666666
0.6352941176470588
0.6431372549019607
0.615686274509804
0.6274509803921569
0.607843137254902
0.6666666666666666
0.6431372549019608
0.6470588235294118
0.6549019607843137
0.6196078431372549
0.37254901960784315
0.2549019607843137
0.2627450980392157
0.24705882352941178
0.2549019607843137
0.26666666666666666
0.27058823529411763
0.28627450980392155
0.28627450980392155
0.30980392156862746
0.3137254901960784
0.30196078431372547
0.3333333333333333
0.3176470588235294
0.2784313725490196
0.2
0.1803921568627451
0.2901960784313725
0.5843137254901961
0.6274509803921569
0.6313725490196078
0.6392156862745098
0.6235294117647059
0.6235294117647059
0.6235294117647059
0.6196078431372549
0.6470588235294118
0.6705882352941176
0.6588235294117647
0.6627450980392157
0.6666666666666666
0.5019607843137255
0.2784313725490196
0.2549019607843137
0.24705882352941178
0.24313725490196078
0.25098039215686274
0.2549019607843137
0.2549019607843137
0.2196078431372549
0.21568627450980393
0.23137254901960785
0.2980392156862745
0.3254901960784314
0.3254901960784314
0.3333333333333333
0.32156862745098036
0.21568627450980393
0.17254901960784313
0.20392156862745098
0.5490196078431372
0.6235294117647059
0.6313725490196078
0.6431372549019608
0.6313725490196078
0.6352941176470588
0.6392156862745098
0.6392156862745098
0.6352941176470588
0.6627450980392157
0.6784313725490196
0.6862745098039216
0.6549019607843137
0.36470588235294116
0.24313725490196078
0.2588235294117647
0.22745098039215686
0.22352941176470587
0.23137254901960785
0.24313725490196078
0.2392156862745098
0.20392156862745098
0.2392156862745098
0.26666666666666666
0.30980392156862746
0.3568627450980392
0.32941176470588235
0.33725490196078434
0.34901960784313724
0.25882352941176473
0.1568627450980392
0.1803921568627451
0.4235294117647059
0.5843137254901961
0.6274509803921569
0.6313725490196078
0.6196078431372549
0.6078431372549019
0.6078431372549019
0.6117647058823529
0.6235294117647059
0.6627450980392157
0.6745098039215686
0.6941176470588235
0.596078431372549
0.27058823529411763
0.22352941176470587
0.24313725490196078
0.22352941176470587
0.2196078431372549
0.22352941176470587
0.23529411764705882
0.23529411764705882
0.2
0.21176470588235294
0.24313725490196078
0.2784313725490196
0.30980392156862746
0.2901960784313725
0.22352941176470587
0.33725490196078434
0.24705882352941178
0.17254901960784313
0.16862745098039217
0.26666666666666666
0.5294117647058824
0.6196078431372549
0.6196078431372549
0.6117647058823529
0.596078431372549
0.596078431372549
0.6117647058823529
0.6470588235294118
0.6823529411764706
0.6627450980392157
0.6901960784313725
0.5647058823529412
0.22352941176470587
0.21176470588235294
0.22745098039215686
0.23137254901960785
0.2392156862745098
0.23137254901960785
0.22352941176470587
0.2196078431372549
0.16078431372549018
0.10588235294117647
0.11372549019607843
0.16470588235294117
0.1843137254901961
0.14901960784313725
0.10980392156862745
0.19607843137254902
0.19607843137254902
0.13725490196078433
0.14509803921568626
0.1803921568627451
0.4549019607843137
0.6
0.6117647058823529
0.6117647058823529
0.6
0.6078431372549019
0.6117647058823529
0.6235294117647059
0.6941176470588235
0.6705882352941176
0.6901960784313725
0.5647058823529412
0.2196078431372549
0.20392156862745098
0.23529411764705882
0.22745098039215686
0.2392156862745098
0.22745098039215686
0.2196078431372549
0.20784313725490194
0.16862745098039217
0.08627450980392157
0.12156862745098039
0.14901960784313725
0.12156862745098039
0.09019607843137255
0.10588235294117647
0.09411764705882353
0.10980392156862745
0.12156862745098039
0.12549019607843137
0.12156862745098039
0.3568627450980392
0.5843137254901961
0.5960784313725489
0.615686274509804
0.6117647058823529
0.615686274509804
0.6078431372549019
0.5882352941176471
0.6980392156862745
0.6745098039215686
0.6745098039215686
0.5647058823529412
0.2549019607843137
0.19607843137254902
0.2196078431372549
0.1803921568627451
0.2
0.19215686274509802
0.19215686274509802
0.1764705882352941
0.16862745098039217
0.12941176470588234
0.16470588235294117
0.1568627450980392
0.09803921568627451
0.10196078431372549
0.10588235294117647
0.08627450980392157
0.08235294117647059
0.09019607843137255
0.09019607843137255
0.09803921568627451
0.3176470588235294
0.5725490196078431
0.588235294117647
0.6274509803921566
0.6
0.6039215686274509
0.6039215686274509
0.596078431372549
0.7058823529411765
0.6666666666666666
0.6549019607843137
0.5882352941176471
0.23529411764705882
0.19215686274509802
0.2
0.1764705882352941
0.1843137254901961
0.16470588235294117
0.17254901960784313
0.1568627450980392
0.17254901960784313
0.14901960784313725
0.12941176470588234
0.11764705882352941
0.12156862745098039
0.12156862745098039
0.0784313725490196
0.09019607843137255
0.10980392156862745
0.10588235294117647
0.08627450980392157
0.09019607843137255
0.3254901960784314
0.5490196078431372
0.6039215686274508
0.596078431372549
0.5882352941176471
0.6235294117647059
0.6117647058823529
0.6078431372549019
0.6980392156862745
0.6666666666666666
0.6509803921568628
0.6196078431372549
0.2980392156862745
0.12549019607843137
0.2
0.17254901960784313
0.16078431372549018
0.1764705882352941
0.1764705882352941
0.16470588235294117
0.1568627450980392
0.12941176470588234
0.11372549019607843
0.12156862745098039
0.12549019607843137
0.12549019607843137
0.13333333333333333
0.17254901960784313
0.12549019607843137
0.08627450980392157
0.11372549019607843
0.11372549019607842
0.33725490196078434
0.5450980392156862
0.588235294117647
0.6
0.6039215686274508
0.5921568627450982
0.6117647058823529
0.5960784313725489
0.7019607843137254
0.6745098039215686
0.6666666666666666
0.6352941176470588
0.4392156862745098
0.1411764705882353
0.14509803921568626
0.1803921568627451
0.16470588235294117
0.16470588235294117
0.1411764705882353
0.12941176470588234
0.11764705882352941
0.10588235294117647
0.11372549019607843
0.16078431372549018
0.15294117647058825
0.1764705882352941
0.16470588235294117
0.15294117647058825
0.07450980392156863
0.09411764705882353
0.1568627450980392
0.3254901960784314
0.49411764705882355
0.5490196078431372
0.5999999999999999
0.5999999999999999
0.5960784313725489
0.6196078431372549
0.5960784313725489
0.603921568627451
0.6901960784313725
0.6823529411764706
0.6784313725490196
0.6509803921568628
0.48627450980392156
0.1843137254901961
0.1568627450980392
0.13333333333333333
0.16470588235294117
0.1568627450980392
0.10588235294117647
0.0784313725490196
0.08235294117647059
0.06274509803921569
0.10196078431372549
0.16078431372549018
0.16862745098039217
0.15294117647058825
0.09803921568627451
0.07058823529411765
0.08235294117647059
0.10980392156862745
0.27058823529411763
0.4745098039215686
0.5411764705882353
0.5647058823529412
0.6078431372549018
0.584313725490196
0.5960784313725489
0.5921568627450982
0.6196078431372549
0.603921568627451
0.6588235294117647
0.6705882352941176
0.6745098039215686
0.6627450980392157
0.5529411764705883
0.3529411764705882
0.20784313725490194
0.1764705882352941
0.13333333333333333
0.1843137254901961
0.13333333333333333
0.10980392156862745
0.08235294117647059
0.06666666666666667
0.15294117647058825
0.14901960784313725
0.12156862745098039
0.043137254901960784
0.043137254901960784
0.0784313725490196
0.11372549019607843
0.14901960784313725
0.34509803921568627
0.4823529411764706
0.5450980392156862
0.5529411764705883
0.5843137254901961
0.6039215686274508
0.6196078431372549
0.6196078431372549
0.5921568627450982
0.6235294117647059
0.6627450980392157
0.6509803921568628
0.6431372549019608
0.6627450980392157
0.6196078431372549
0.44705882352941173
0.2549019607843137
0.19215686274509802
0.16862745098039217
0.1764705882352941
0.13725490196078433
0.13333333333333333
0.09803921568627451
0.12941176470588234
0.14509803921568626
0.0784313725490196
0.043137254901960784
0.054901960784313725
0.07450980392156863
0.10980392156862745
0.13725490196078433
0.16862745098039217
0.3607843137254902
0.49411764705882355
0.5607843137254902
0.5764705882352941
0.584313725490196
0.5882352941176471
0.6039215686274508
0.6235294117647059
0.603921568627451
0.6235294117647059
0.6549019607843137
0.6470588235294118
0.6549019607843137
0.6666666666666666
0.6352941176470588
0.5725490196078431
0.43137254901960786
0.20784313725490194
0.1764705882352941
0.14901960784313725
0.15294117647058825
0.12549019607843137
0.08235294117647059
0.0784313725490196
0.06666666666666667
0.058823529411764705
0.08627450980392157
0.12156862745098039
0.13333333333333333
0.10588235294117648
0.1411764705882353
0.18823529411764706
0.33725490196078434
0.4823529411764706
0.5764705882352941
0.5568627450980392
0.5999999999999999
0.5764705882352941
0.5882352941176471
0.603921568627451
0.615686274509804
0.6431372549019607
0.6235294117647059
0.6627450980392157
0.6862745098039216
0.6784313725490196
0.6588235294117647
0.6470588235294118
0.5372549019607843
0.3803921568627451
0.2
0.13333333333333333
0.14901960784313725
0.12941176470588234
0.08235294117647059
0.054901960784313725
0.06274509803921569
0.10196078431372549
0.1411764705882353
0.12549019607843137
0.13333333333333333
0.1568627450980392
0.1843137254901961
0.2
0.3529411764705882
0.4666666666666667
0.5568627450980392
0.5529411764705883
0.5843137254901961
0.5764705882352941
0.5843137254901961
0.615686274509804
0.6235294117647059
0.6627450980392156
0.6274509803921569
0.6745098039215686
0.6941176470588235
0.6823529411764706
0.6588235294117647
0.6470588235294118
0.596078431372549
0.43529411764705883
0.30196078431372547
0.16470588235294117
0.17254901960784313
0.09803921568627451
0.07450980392156863
0.0784313725490196
0.08235294117647059
0.1411764705882353
0.1215686274509804
0.15294117647058825
0.17254901960784313
0.1803921568627451
0.19215686274509802
0.20392156862745098
0.36470588235294116
0.4588235294117647
0.5254901960784314
0.5764705882352941
0.5843137254901961
0.596078431372549
0.6
0.6039215686274509
0.6313725490196078
0.6705882352941175
0.6705882352941176
0.6862745098039216
0.6980392156862745
0.6823529411764706
0.6627450980392157
0.6431372549019608
0.615686274509804
0.5294117647058824
0.38823529411764707
0.2549019607843137
0.13725490196078433
0.11372549019607843
0.07058823529411765
0.07450980392156863
0.12941176470588234
0.12941176470588234
0.1411764705882353
0.16078431372549018
0.1764705882352941
0.19215686274509802
0.19607843137254902
0.22352941176470587
0.3764705882352941
0.4627450980392157
0.5215686274509803
0.5450980392156862
0.5490196078431372
0.5882352941176471
0.6039215686274509
0.6039215686274509
0.6196078431372549
0.6588235294117647
0.6823529411764706
0.6745098039215686
0.6745098039215686
0.6666666666666666
0.6705882352941176
0.6470588235294118
0.6313725490196078
0.6117647058823529
0.4666666666666667
0.34509803921568627
0.22745098039215683
0.18823529411764706
0.10196078431372549
0.0784313725490196
0.11764705882352941
0.1411764705882353
0.1803921568627451
0.1803921568627451
0.19215686274509802
0.2
0.2
0.23137254901960785
0.3137254901960784
0.45098039215686275
0.5137254901960784
0.5411764705882353
0.5529411764705883
0.596078431372549
0.596078431372549
0.6
0.6235294117647059
0.6509803921568628
0.6745098039215686
0.6745098039215686
0.6705882352941176
0.6823529411764706
0.6745098039215686
0.6549019607843137
0.6509803921568628
0.6392156862745098
0.6117647058823529
0.4862745098039215
0.36470588235294116
0.22352941176470587
0.16862745098039217
0.16078431372549018
0.20784313725490194
0.22352941176470587
0.20784313725490194
0.21568627450980393
0.21176470588235294
0.21176470588235294
0.20784313725490194
0.25098039215686274
0.3254901960784314
0.4549019607843137
0.5176470588235293
0.5647058823529412
0.5803921568627451
0.6039215686274509
0.596078431372549
0.596078431372549
0.6196078431372549
0.6431372549019608
0.6745098039215686
0.6901960784313725
0.6784313725490196
0.6705882352941176
0.6666666666666666
0.6666666666666666
0.6588235294117647
0.6431372549019608
0.6470588235294118
0.5529411764705883
0.4784313725490196
0.3764705882352941
0.28627450980392155
0.3254901960784314
0.36470588235294116
0.30196078431372547
0.2901960784313725
0.2431372549019608
0.23529411764705882
0.21568627450980393
0.22352941176470587
0.27058823529411763
0.33725490196078434
0.4
0.5333333333333333
0.5725490196078431
0.5803921568627451
0.592156862745098
0.5882352941176471
0.6
0.6235294117647059
0.6274509803921569
0.6823529411764706
0.6784313725490196
0.6627450980392157
0.6588235294117647
0.6745098039215686
0.6784313725490196
0.6823529411764706
0.6627450980392157
0.592156862745098
0.5725490196078431
0.5450980392156862
0.5372549019607843
0.4980392156862745
0.5058823529411764
0.5137254901960784
0.4666666666666667
0.4470588235294118
0.40784313725490196
0.3764705882352941
0.3686274509803922
0.3764705882352941
0.3333333333333333
0.37254901960784315
0.40784313725490196
0.5411764705882353
0.5686274509803921
0.5686274509803921
0.5882352941176471
0.5843137254901961
0.6
0.6
0.596078431372549
0.6705882352941176
0.6588235294117647
0.6549019607843137
0.6745098039215686
0.6862745098039216
0.6784313725490196
0.6823529411764706
0.596078431372549
0.5843137254901961
0.5764705882352941
0.5647058823529412
0.5764705882352941
0.5647058823529412
0.5568627450980392
0.5725490196078431
0.5490196078431372
0.5019607843137255
0.47058823529411764
0.45098039215686275
0.4392156862745098
0.44705882352941173
0.4627450980392157
0.4666666666666667
0.47058823529411764
0.4901960784313726
0.5803921568627451
0.5725490196078431
0.5686274509803921
0.5764705882352941
0.6078431372549019
0.596078431372549
0.596078431372549
