0.4862745098039215
0.5686274509803921
0.4627450980392157
0.4627450980392157
0.45098039215686275
0.48235294117647054
0.42745098039215684
0.40784313725490196
0.4549019607843137
0.4862745098039215
0.4745098039215686
0.4588235294117647
0.4901960784313726
0.4784313725490196
0.47058823529411764
0.4745098039215686
0.43137254901960786
0.4196078431372549
0.4784313725490196
0.42745098039215684
0.40784313725490196
0.4392156862745098
0.44705882352941173
0.4980392156862745
0.4862745098039215
0.4588235294117647
0.4627450980392157
0.43529411764705883
0.4549019607843137
0.3764705882352941
0.396078431372549
0.47058823529411764
0.6352941176470588
0.5843137254901961
0.4784313725490196
0.4784313725490196
0.4627450980392157
0.45098039215686275
0.43529411764705883
0.45098039215686275
0.5019607843137255
0.4588235294117647
0.4549019607843137
0.47058823529411764
0.4666666666666667
0.4627450980392157
0.47058823529411764
0.4666666666666667
0.4392156862745098
0.44705882352941173
0.43529411764705883
0.43137254901960786
0.44705882352941173
0.44705882352941173
0.4235294117647059
0.47058823529411764
0.5098039215686274
0.42745098039215684
0.4549019607843137
0.403921568627451
0.43529411764705883
0.4117647058823529
0.43137254901960786
0.4588235294117647
0.6588235294117647
0.6274509803921569
0.5764705882352941
0.5176470588235295
0.4627450980392157
0.44313725490196076
0.48235294117647054
0.5058823529411764
0.4784313725490196
0.3803921568627451
0.42745098039215684
0.4549019607843137
0.4117647058823529
0.4745098039215686
0.5058823529411764
0.44313725490196076
0.4235294117647059
0.5529411764705883
0.48235294117647054
0.4588235294117647
0.48235294117647054
0.5058823529411764
0.43529411764705883
0.4588235294117647
0.4862745098039215
0.40784313725490196
0.4235294117647059
0.3803921568627451
0.4196078431372549
0.4156862745098039
0.44705882352941173
0.39215686274509803
0.6196078431372549
0.6196078431372549
0.5803921568627451
0.6274509803921569
0.5882352941176471
0.4901960784313726
0.5058823529411764
0.5294117647058824
0.5019607843137255
0.4588235294117647
0.4588235294117647
0.48235294117647054
0.4156862745098039
0.44705882352941173
0.5529411764705883
0.5215686274509804
0.5411764705882353
0.596078431372549
0.5215686274509805
0.49411764705882355
0.49411764705882355
0.5215686274509804
0.5098039215686274
0.5176470588235295
0.5176470588235295
0.4549019607843137
0.5019607843137255
0.44705882352941173
0.43529411764705883
0.43529411764705883
0.40784313725490196
0.40784313725490196
0.4588235294117647
0.4901960784313726
0.5568627450980392
0.5843137254901961
0.6235294117647059
0.5647058823529412
0.49411764705882355
0.5529411764705883
0.5137254901960784
0.5764705882352941
0.5411764705882353
0.5098039215686274
0.4235294117647059
0.44705882352941173
0.5372549019607843
0.5333333333333333
0.5803921568627451
0.6470588235294118
0.6000000000000001
0.5019607843137255
0.5137254901960784
0.5137254901960784
0.5019607843137255
0.5254901960784314
0.5254901960784314
0.4980392156862745
0.5686274509803921
0.4627450980392157
0.4745098039215686
0.5411764705882351
0.5411764705882353
0.49411764705882355
0.44313725490196076
0.4392156862745098
0.45098039215686275
0.45098039215686275
0.5411764705882353
0.5372549019607843
0.5686274509803921
0.5843137254901961
0.4784313725490196
0.4901960784313726
0.4980392156862745
0.4666666666666667
0.43137254901960786
0.44705882352941173
0.5019607843137255
0.4862745098039215
0.5725490196078431
0.6392156862745098
0.6352941176470588
0.4980392156862745
0.5215686274509804
0.4862745098039215
0.45098039215686275
0.5137254901960784
0.5411764705882353
0.4745098039215686
0.5450980392156862
0.4862745098039215
0.44705882352941173
0.45098039215686275
0.45098039215686275
0.4549019607843137
0.4117647058823529
0.396078431372549
0.40784313725490196
0.4549019607843137
0.4117647058823529
0.4235294117647059
0.5098039215686274
0.5294117647058824
0.5137254901960784
0.4235294117647059
0.4627450980392157
0.4392156862745098
0.4235294117647059
0.4588235294117647
0.5137254901960784
0.44313725490196076
0.5058823529411764
0.6235294117647059
0.6078431372549019
0.5098039215686274
0.5098039215686274
0.4627450980392157
0.4196078431372549
0.4784313725490196
0.5647058823529412
0.5450980392156863
0.47058823529411764
0.4549019607843137
0.5450980392156862
0.4549019607843137
0.396078431372549
0.4156862745098039
0.40784313725490196
0.3529411764705882
0.39215686274509803
0.4156862745098039
0.36470588235294116
0.3803921568627451
0.396078431372549
0.47058823529411764
0.5019607843137255
0.40784313725490196
0.43137254901960786
0.4627450980392157
0.4627450980392157
0.42745098039215684
0.48235294117647054
0.4117647058823529
0.403921568627451
0.6039215686274509
0.6039215686274509
0.49411764705882355
0.43137254901960786
0.4784313725490196
0.44705882352941173
0.4196078431372549
0.5019607843137255
0.5725490196078431
0.44705882352941173
0.3803921568627451
0.42745098039215684
0.5529411764705883
0.4980392156862745
0.4666666666666667
0.4235294117647059
0.37254901960784315
0.4235294117647059
0.38823529411764707
0.39215686274509803
0.38431372549019605
0.33725490196078434
0.38431372549019605
0.4745098039215686
0.396078431372549
0.38823529411764707
0.4196078431372549
0.4392156862745098
0.4
0.403921568627451
0.39215686274509803
0.38431372549019605
0.5450980392156863
0.592156862745098
0.45098039215686275
0.39215686274509803
0.45098039215686275
0.4627450980392157
0.4156862745098039
0.4588235294117647
0.580392156862745
0.45098039215686275
0.4
0.3686274509803922
0.5294117647058824
0.48627450980392156
0.4117647058823529
0.396078431372549
0.38823529411764707
0.5019607843137255
0.49411764705882355
0.5333333333333333
0.4627450980392157
0.3764705882352941
0.39215686274509803
0.3686274509803922
0.38431372549019605
0.3686274509803922
0.3607843137254902
0.403921568627451
0.4117647058823529
0.36470588235294116
0.4117647058823529
0.43137254901960786
0.45098039215686275
0.596078431372549
0.5098039215686274
0.4666666666666667
0.4235294117647059
0.4549019607843137
0.4627450980392157
0.44313725490196076
0.49019607843137253
0.4
0.4
0.3764705882352941
0.43529411764705883
0.403921568627451
0.36470588235294116
0.38823529411764707
0.34509803921568627
0.4627450980392157
0.5333333333333333
0.5372549019607843
0.4627450980392157
0.49019607843137253
0.49019607843137253
0.4980392156862745
0.4823529411764706
0.4823529411764706
0.5333333333333333
0.5058823529411764
0.43529411764705883
0.3803921568627451
0.37254901960784315
0.396078431372549
0.43529411764705883
0.6039215686274509
0.5411764705882353
0.5803921568627451
0.5333333333333333
0.5725490196078431
0.43137254901960786
0.38431372549019605
0.4156862745098039
0.36470588235294116
0.39215686274509803
0.403921568627451
0.4117647058823529
0.40784313725490196
0.3607843137254902
0.5490196078431372
0.39215686274509803
0.3254901960784314
0.36470588235294116
0.5372549019607843
0.5098039215686274
0.4588235294117647
0.5058823529411764
0.5411764705882353
0.4980392156862745
0.5019607843137255
0.4627450980392157
0.49019607843137253
0.5294117647058824
0.4823529411764706
0.44313725490196076
0.47058823529411764
0.5372549019607843
0.6039215686274509
0.6039215686274509
0.6823529411764706
0.5725490196078431
0.49411764705882355
0.49411764705882355
0.5019607843137255
0.396078431372549
0.3803921568627451
0.40784313725490196
0.5411764705882353
0.4392156862745098
0.37254901960784315
0.36470588235294116
0.5490196078431372
0.5019607843137255
0.3764705882352941
0.3568627450980392
0.5294117647058824
0.5098039215686274
0.4784313725490196
0.5372549019607843
0.5137254901960784
0.4745098039215686
0.5137254901960784
0.47058823529411764
0.4823529411764706
0.5176470588235293
0.5450980392156862
0.5215686274509803
0.5058823529411764
0.5882352941176471
0.6705882352941176
0.6980392156862745
0.6588235294117647
0.44705882352941173
0.47058823529411764
0.5058823529411764
0.5411764705882353
0.5019607843137255
0.3803921568627451
0.3803921568627451
0.5215686274509803
0.5450980392156862
0.4156862745098039
0.39215686274509803
0.5607843137254902
0.5529411764705883
0.5372549019607843
0.5254901960784314
0.5490196078431372
0.5450980392156862
0.5333333333333333
0.5098039215686274
0.49019607843137253
0.5333333333333333
0.5176470588235293
0.5372549019607843
0.5098039215686274
0.5058823529411764
0.5254901960784314
0.5176470588235293
0.4980392156862745
0.5725490196078431
0.6392156862745098
0.7254901960784313
0.592156862745098
0.49411764705882355
0.5294117647058824
0.5294117647058824
0.5215686274509803
0.4980392156862745
0.44705882352941173
0.34901960784313724
0.4392156862745098
0.5647058823529412
0.5098039215686274
0.4117647058823529
0.49411764705882355
0.5568627450980392
0.4823529411764706
0.49019607843137253
0.5333333333333333
0.5137254901960784
0.4784313725490196
0.44313725490196076
0.44313725490196076
0.5137254901960784
0.5411764705882353
0.5529411764705883
0.5098039215686274
0.5019607843137255
0.5411764705882353
0.5137254901960784
0.5137254901960784
0.5882352941176471
0.6784313725490196
0.7098039215686275
0.596078431372549
0.5098039215686274
0.5333333333333333
0.5176470588235293
0.4784313725490196
0.4666666666666667
0.47058823529411764
0.3686274509803922
0.5294117647058824
0.5725490196078431
0.5098039215686274
0.5058823529411764
0.3764705882352941
0.5098039215686274
0.44313725490196076
0.46274509803921565
0.5490196078431373
0.49803921568627446
0.4745098039215686
0.42745098039215684
0.43529411764705883
0.48627450980392156
0.5254901960784314
0.5294117647058824
0.49411764705882355
0.5333333333333333
0.5803921568627451
0.5764705882352941
0.6196078431372549
0.615686274509804
0.6549019607843137
0.6980392156862745
0.6235294117647059
0.49411764705882355
0.5019607843137255
0.4784313725490196
0.4588235294117647
0.49411764705882355
0.4745098039215686
0.4392156862745098
0.4745098039215686
0.5019607843137255
0.5137254901960784
0.5372549019607842
0.36470588235294116
0.39215686274509803
0.4666666666666667
0.4980392156862745
0.49803921568627446
0.5176470588235293
0.4784313725490196
0.44313725490196076
0.45098039215686275
0.4588235294117647
0.47058823529411764
0.4745098039215686
0.49019607843137253
0.5568627450980392
0.5568627450980392
0.5411764705882353
0.592156862745098
0.6901960784313725
0.6745098039215686
0.7607843137254902
0.6431372549019608
0.4980392156862745
0.5098039215686274
0.4627450980392157
0.4666666666666667
0.4588235294117647
0.4235294117647059
0.47058823529411764
0.4745098039215686
0.38431372549019605
0.46274509803921565
0.4941176470588235
0.3607843137254902
0.3607843137254902
0.5176470588235293
0.48627450980392156
0.47843137254901963
0.43529411764705883
0.4784313725490196
0.4235294117647059
0.44705882352941173
0.4549019607843137
0.43529411764705883
0.49019607843137253
0.5254901960784314
0.5450980392156862
0.5098039215686274
0.5411764705882353
0.6509803921568628
0.7725490196078432
0.8156862745098039
0.8274509803921568
0.6352941176470588
0.5058823529411764
0.5294117647058824
0.4745098039215686
0.43529411764705883
0.4392156862745098
0.4784313725490196
0.5333333333333333
0.4392156862745098
0.37254901960784315
0.43529411764705883
0.4862745098039215
0.44313725490196076
0.36470588235294116
0.39215686274509803
0.4745098039215686
0.4666666666666667
0.44705882352941173
0.45098039215686275
0.4627450980392157
0.5019607843137255
0.4823529411764706
0.4549019607843137
0.48235294117647054
0.5411764705882351
0.5607843137254902
0.6196078431372549
0.7137254901960784
0.7137254901960784
0.7176470588235294
0.7333333333333333
0.7215686274509804
0.5137254901960784
0.5254901960784314
0.5137254901960784
0.4549019607843137
0.3529411764705882
0.3764705882352941
0.4627450980392157
0.5372549019607843
0.5019607843137255
0.38431372549019605
0.3607843137254902
0.4627450980392157
0.43137254901960786
0.39215686274509803
0.37254901960784315
0.4784313725490196
0.49019607843137253
0.3803921568627451
0.41568627450980394
0.47058823529411764
0.5176470588235293
0.5019607843137255
0.4627450980392157
0.49411764705882355
0.5725490196078431
0.6509803921568628
0.6705882352941176
0.6666666666666666
0.6470588235294118
0.6392156862745098
0.6549019607843136
0.5686274509803921
0.4784313725490196
0.47058823529411764
0.4666666666666667
0.47058823529411764
0.3607843137254902
0.3686274509803922
0.4196078431372549
0.4117647058823529
0.38431372549019605
0.39215686274509803
0.3803921568627451
0.4549019607843137
0.403921568627451
0.3803921568627451
0.3568627450980392
0.49019607843137253
0.44705882352941173
0.3764705882352941
0.36470588235294116
0.34901960784313724
0.3764705882352941
0.396078431372549
0.37254901960784315
0.38431372549019605
0.3764705882352941
0.42745098039215684
0.6274509803921569
0.5764705882352941
0.5294117647058824
0.5215686274509804
0.5176470588235293
0.4823529411764706
0.4666666666666667
0.4392156862745098
0.4823529411764706
0.4980392156862745
0.34901960784313724
0.34901960784313724
0.403921568627451
0.3686274509803922
0.38431372549019605
0.396078431372549
0.4392156862745098
0.4745098039215686
0.4117647058823529
0.37254901960784315
0.39215686274509803
0.44705882352941173
0.4745098039215686
0.4235294117647059
0.38823529411764707
0.36470588235294116
0.36470588235294116
0.3686274509803922
0.3803921568627451
0.38823529411764707
0.38431372549019605
0.39215686274509803
0.5490196078431372
0.46274509803921565
0.44313725490196076
0.42745098039215684
0.4196078431372549
0.45098039215686275
0.4156862745098039
0.4549019607843137
0.5098039215686274
0.4784313725490196
0.3568627450980392
0.3568627450980392
0.3764705882352941
0.3607843137254902
0.3686274509803922
0.3803921568627451
0.4156862745098039
0.4156862745098039
0.4196078431372549
0.38431372549019605
0.4
0.37254901960784315
0.4196078431372549
0.49411764705882355
0.42745098039215684
0.3764705882352941
0.3686274509803922
0.43529411764705883
0.403921568627451
0.34901960784313724
0.34901960784313724
0.42745098039215684
0.5490196078431372
0.4588235294117647
0.43529411764705883
0.4549019607843137
0.37254901960784315
0.3607843137254902
0.32941176470588235
0.4549019607843137
0.5294117647058824
0.3803921568627451
0.3686274509803922
0.34509803921568627
0.396078431372549
0.40784313725490196
0.3568627450980392
0.3411764705882353
0.38431372549019605
0.3803921568627451
0.45098039215686275
0.4
0.43137254901960786
0.4117647058823529
0.4156862745098039
0.4588235294117647
0.4235294117647059
0.37254901960784315
0.3568627450980392
0.4392156862745098
0.396078431372549
0.30980392156862746
0.3529411764705882
0.43529411764705883
0.5294117647058824
0.4784313725490196
0.38431372549019605
0.4549019607843137
0.38431372549019605
0.3529411764705882
0.33725490196078434
0.4549019607843137
0.49019607843137253
0.3803921568627451
0.3764705882352941
0.4117647058823529
0.4156862745098039
0.42745098039215684
0.4117647058823529
0.38823529411764707
0.4156862745098039
0.403921568627451
0.4980392156862745
0.42745098039215684
0.4156862745098039
0.5137254901960784
0.44313725490196076
0.403921568627451
0.45098039215686275
0.396078431372549
0.3764705882352941
0.37254901960784315
0.32941176470588235
0.3411764705882353
0.3686274509803922
0.44705882352941173
0.4666666666666667
0.4627450980392157
0.34509803921568627
0.44313725490196076
0.3686274509803922
0.36470588235294116
0.3803921568627451
0.40784313725490196
0.3529411764705882
0.3333333333333333
0.3803921568627451
0.5215686274509804
0.42745098039215684
0.4117647058823529
0.4862745098039215
0.47058823529411764
0.43137254901960786
0.37254901960784315
0.4745098039215686
0.45098039215686275
0.44313725490196076
0.5450980392156863
0.44705882352941173
0.44313725490196076
0.4784313725490196
0.4117647058823529
0.3568627450980392
0.3764705882352941
0.34509803921568627
0.4117647058823529
0.396078431372549
0.4588235294117647
0.49019607843137253
0.5294117647058824
0.4156862745098039
0.44313725490196076
0.39215686274509803
0.38823529411764707
0.38823529411764707
0.403921568627451
0.3764705882352941
0.3764705882352941
0.4392156862745098
0.4901960784313726
0.4392156862745098
0.38823529411764707
0.4588235294117647
0.5019607843137255
0.44313725490196076
0.4666666666666667
0.47058823529411764
0.44313725490196076
0.4627450980392157
0.44705882352941173
0.4392156862745098
0.4862745098039215
0.4666666666666667
0.4196078431372549
0.4156862745098039
0.43137254901960786
0.396078431372549
0.403921568627451
0.396078431372549
0.4235294117647059
0.5450980392156862
0.5372549019607843
0.4392156862745098
0.44313725490196076
0.3803921568627451
0.40784313725490196
0.4588235294117647
0.4117647058823529
0.43529411764705883
0.4588235294117647
0.47058823529411764
0.44705882352941173
0.4156862745098039
0.43137254901960786
0.43529411764705883
0.4196078431372549
0.44313725490196076
0.5176470588235295
0.4549019607843137
0.4
0.43137254901960786
0.45098039215686275
0.48235294117647054
0.5803921568627451
0.4901960784313726
0.4196078431372549
0.4117647058823529
0.48235294117647054
0.44313725490196076
0.38431372549019605
0.38431372549019605
0.4196078431372549
0.4980392156862745
0.42745098039215684
0.40784313725490196
0.45098039215686275
0.4196078431372549
0.44313725490196076
0.48235294117647054
0.48235294117647054
0.4549019607843137
0.4627450980392157
0.47058823529411764
0.42745098039215684
0.4235294117647059
0.43137254901960786
0.3803921568627451
0.33725490196078434
0.396078431372549
0.4549019607843137
0.5019607843137255
0.44705882352941173
0.403921568627451
0.4392156862745098
0.5254901960784314
0.5333333333333333
0.4745098039215686
0.4196078431372549
0.43529411764705883
0.4745098039215686
0.47058823529411764
0.4
0.37254901960784315
0.4156862745098039
0.4392156862745098
0.3607843137254902
0.3529411764705882
0.43137254901960786
0.4117647058823529
0.40784313725490196
0.43529411764705883
0.4666666666666667
0.4196078431372549
0.42745098039215684
0.4666666666666667
0.4117647058823529
0.4784313725490196
0.44313725490196076
0.4
0.3686274509803922
0.34901960784313724
0.38431372549019605
0.5019607843137255
0.4666666666666667
0.43529411764705883
0.45098039215686275
0.5372549019607843
0.5254901960784314
0.4901960784313726
0.4627450980392157
0.47058823529411764
0.4549019607843137
0.4980392156862745
0.4784313725490196
0.403921568627451
0.36470588235294116
0.4235294117647059
0.39215686274509803
0.3686274509803922
0.3803921568627451
0.4156862745098039
0.38823529411764707
0.4156862745098039
0.43529411764705883
0.4235294117647059
0.43137254901960786
0.47058823529411764
0.4117647058823529
0.4980392156862745
0.5019607843137255
0.4862745098039215
0.4392156862745098
0.33725490196078434
0.37254901960784315
0.4627450980392157
0.4549019607843137
0.4666666666666667
0.5843137254901961
0.5529411764705883
0.43529411764705883
0.45098039215686275
0.44313725490196076
0.4627450980392157
0.4235294117647059
0.5019607843137255
0.48235294117647054
0.40784313725490196
0.3686274509803922
0.4235294117647059
0.4235294117647059
0.4156862745098039
0.403921568627451
0.4156862745098039
0.4
0.43137254901960786
0.4627450980392157
0.4392156862745098
0.4549019607843137
0.44313725490196076
0.40784313725490196
0.49411764705882355
0.4901960784313726
0.4588235294117647
0.4980392156862745
0.403921568627451
0.40784313725490196
0.4235294117647059
0.4549019607843137
0.5098039215686274
0.5607843137254902
0.4117647058823529
0.4156862745098039
0.4117647058823529
0.38431372549019605
0.5019607843137255
0.44313725490196076
0.44313725490196076
0.43529411764705883
0.43137254901960786
0.44313725490196076
0.4666666666666667
0.4549019607843137
0.4784313725490196
0.5058823529411764
0.4
0.4
0.38431372549019605
0.39215686274509803
0.396078431372549
0.4235294117647059
0.403921568627451
0.4117647058823529
0.47058823529411764
0.4392156862745098
0.3764705882352941
0.4235294117647059
0.4196078431372549
0.48235294117647054
0.5019607843137255
0.5294117647058824
0.4980392156862745
0.48235294117647054
0.4980392156862745
0.5215686274509804
0.4784313725490196
0.4627450980392157
0.49411764705882355
0.5098039215686274
0.5215686274509804
0.49411764705882355
0.5333333333333333
0.5411764705882353
0.5098039215686274
0.5215686274509804
0.4901960784313726
0.4862745098039215
0.5254901960784314
0.47058823529411764
0.4588235294117647
0.48235294117647054
0.4980392156862745
0.5372549019607843
0.5098039215686274
0.4901960784313726
0.5647058823529412
0.4862745098039215
0.5176470588235295
0.45098039215686275
0.44705882352941173
0.5411764705882354
0.6078431372549019
0.5098039215686274
0.4862745098039215
0.49411764705882355
0.4901960784313726
0.4901960784313726
0.5019607843137255
0.5019607843137255
0.5215686274509804
0.4901960784313726
0.5137254901960784
0.5137254901960784
0.5098039215686274
0.5098039215686274
0.4980392156862745
0.5098039215686274
0.5019607843137255
0.5019607843137255
0.4862745098039215
0.4862745098039215
0.4862745098039215
0.48235294117647054
0.4862745098039215
0.5058823529411764
0.5215686274509804
0.47058823529411764
0.5058823529411764
0.4666666666666667
0.5019607843137255
0.48235294117647054
0.4745098039215686
0.5098039215686274
0.6235294117647059
0.592156862745098
0.5098039215686274
0.5254901960784314
0.4862745098039215
0.4745098039215686
0.5333333333333333
0.5333333333333333
0.5058823529411764
0.4666666666666667
0.5176470588235295
0.5333333333333333
0.48235294117647054
0.5019607843137255
0.5137254901960784
0.49411764705882355
0.4980392156862745
0.596078431372549
0.5098039215686274
0.4862745098039215
0.5137254901960784
0.5372549019607843
0.4862745098039215
0.4980392156862745
0.5137254901960784
0.4627450980392157
0.4901960784313726
0.45098039215686275
0.49411764705882355
0.4745098039215686
0.4980392156862745
0.4745098039215686
0.592156862745098
0.592156862745098
0.5882352941176471
0.6039215686274509
0.5098039215686274
0.4980392156862745
0.5372549019607843
0.5411764705882353
0.5137254901960784
0.49411764705882355
0.5098039215686274
0.5372549019607843
0.4862745098039215
0.4862745098039215
0.5176470588235295
0.5294117647058824
0.5843137254901961
0.6078431372549019
0.5372549019607844
0.4901960784313726
0.5137254901960784
0.5529411764705883
0.5098039215686274
0.5098039215686274
0.584313725490196
0.5686274509803921
0.6117647058823528
0.48235294117647054
0.4549019607843137
0.48235294117647054
0.4627450980392157
0.4784313725490196
0.4784313725490196
0.4901960784313726
0.49411764705882355
0.5019607843137255
0.5843137254901961
0.5019607843137255
0.5019607843137255
0.5333333333333333
0.5058823529411764
0.5254901960784314
0.5254901960784314
0.5294117647058824
0.4666666666666667
0.4862745098039215
0.5333333333333333
0.5294117647058824
0.596078431372549
0.6274509803921569
0.5843137254901961
0.5019607843137255
0.5058823529411764
0.5215686274509804
0.5098039215686274
0.5450980392156861
0.5647058823529412
0.6
0.6509803921568627
0.5725490196078431
0.5647058823529412
0.6
0.5803921568627451
0.5450980392156863
0.4745098039215686
0.43529411764705883
0.44313725490196076
0.44313725490196076
0.47058823529411764
0.4627450980392157
0.49411764705882355
0.49411764705882355
0.4666666666666667
0.4745098039215686
0.4784313725490196
0.4784313725490196
0.45098039215686275
0.4627450980392157
0.5019607843137255
0.4901960784313726
0.5411764705882354
0.596078431372549
0.596078431372549
0.5019607843137255
0.5176470588235295
0.5058823529411764
0.4784313725490196
0.5450980392156861
0.6
0.5764705882352941
0.615686274509804
0.5843137254901961
0.5647058823529412
0.5803921568627451
0.5843137254901961
0.5764705882352941
0.44705882352941173
0.40784313725490196
0.40784313725490196
0.44705882352941173
0.43137254901960786
0.44313725490196076
0.4666666666666667
0.4588235294117647
0.4588235294117647
0.42745098039215684
0.4392156862745098
0.42745098039215684
0.43137254901960786
0.4588235294117647
0.5019607843137255
0.46274509803921565
0.4666666666666667
0.5803921568627451
0.5686274509803921
0.49411764705882355
0.49411764705882355
0.48627450980392156
0.44705882352941173
0.4862745098039215
0.5999999999999999
0.6039215686274509
0.5686274509803921
0.5568627450980392
0.592156862745098
0.5647058823529412
0.5607843137254902
0.5529411764705883
0.4392156862745098
0.38823529411764707
0.4117647058823529
0.4392156862745098
0.403921568627451
0.42745098039215684
0.43137254901960786
0.39215686274509803
0.4588235294117647
0.4156862745098039
0.4117647058823529
0.4392156862745098
0.4392156862745098
0.42745098039215684
0.4745098039215686
0.43529411764705883
0.4235294117647059
0.5647058823529412
0.5647058823529412
0.47058823529411764
0.46274509803921565
0.4745098039215686
0.4627450980392157
0.44705882352941173
0.49411764705882355
0.6039215686274508
0.4980392156862745
0.44705882352941173
0.4745098039215686
0.5764705882352941
0.5725490196078431
0.5490196078431372
0.4392156862745098
0.4117647058823529
0.44313725490196076
0.42745098039215684
0.43137254901960786
0.44313725490196076
0.38823529411764707
0.39215686274509803
0.4235294117647059
0.39215686274509803
0.403921568627451
0.4627450980392157
0.4627450980392157
0.43137254901960786
0.43529411764705883
0.42745098039215684
0.403921568627451
0.5294117647058822
0.5647058823529412
0.4980392156862745
0.4588235294117647
0.4549019607843137
0.4784313725490196
0.4627450980392157
0.45098039215686275
0.5686274509803921
0.4862745098039215
0.4666666666666667
0.4156862745098039
0.5411764705882353
0.5215686274509803
0.4235294117647059
0.43137254901960786
0.4156862745098039
0.45098039215686275
0.44705882352941173
0.5607843137254902
0.5372549019607843
0.44705882352941173
0.44313725490196076
0.4117647058823529
0.4156862745098039
0.4235294117647059
0.4156862745098039
0.43137254901960786
0.4627450980392157
0.4
0.44313725490196076
0.42745098039215684
0.4549019607843137
0.580392156862745
0.5137254901960784
0.4627450980392157
0.4156862745098039
0.4627450980392157
0.5058823529411764
0.4627450980392157
0.47058823529411764
0.44313725490196076
0.4666666666666667
0.4156862745098039
0.4549019607843137
0.44705882352941173
0.396078431372549
0.45098039215686275
0.3803921568627451
0.43137254901960786
0.5490196078431372
0.5647058823529412
0.5333333333333333
0.5647058823529412
0.5372549019607843
0.5490196078431372
0.5450980392156862
0.5294117647058824
0.5529411764705883
0.4980392156862745
0.48235294117647054
0.4392156862745098
0.4235294117647059
0.4156862745098039
0.4392156862745098
0.5333333333333333
0.5098039215686274
0.48235294117647054
0.4666666666666667
0.5372549019607843
0.4745098039215686
0.43529411764705883
0.44313725490196076
0.43137254901960786
0.4627450980392157
0.43137254901960786
0.42745098039215684
0.4627450980392157
0.43137254901960786
0.5843137254901961
0.4235294117647059
0.38431372549019605
0.43137254901960786
0.5568627450980392
0.5254901960784314
0.5137254901960784
0.5725490196078431
0.6
0.5490196078431372
0.5529411764705883
0.5333333333333333
0.5254901960784314
0.5529411764705883
0.5411764705882353
0.5058823529411764
0.5254901960784314
0.5725490196078431
0.5490196078431372
0.5490196078431372
0.5764705882352941
0.5803921568627451
0.5176470588235293
0.5254901960784314
0.5333333333333333
0.4392156862745098
0.4392156862745098
0.4666666666666667
0.5843137254901961
0.4392156862745098
0.4196078431372549
0.4627450980392157
0.5843137254901961
0.5098039215686274
0.4196078431372549
0.4549019607843137
0.5372549019607843
0.5176470588235293
0.5254901960784314
0.6039215686274509
0.5764705882352941
0.5254901960784314
0.5647058823529412
0.5450980392156862
0.5215686274509803
0.5372549019607843
0.5725490196078431
0.5450980392156862
0.5490196078431372
0.5764705882352941
0.6039215686274509
0.6431372549019608
0.6039215686274509
0.5215686274509803
0.49411764705882355
0.5176470588235293
0.5490196078431372
0.5176470588235293
0.4235294117647059
0.43529411764705883
0.5764705882352941
0.5490196078431372
0.43529411764705883
0.4549019607843137
0.6
0.5843137254901961
0.5764705882352941
0.5450980392156862
0.5647058823529412
0.5686274509803921
0.592156862745098
0.5647058823529412
0.5450980392156862
0.5607843137254902
0.5333333333333333
0.5607843137254902
0.5294117647058824
0.5372549019607843
0.5529411764705883
0.5372549019607843
0.5019607843137255
0.5333333333333333
0.5686274509803921
0.6470588235294118
0.611764705882353
0.5411764705882353
0.5176470588235293
0.5176470588235293
0.5529411764705883
0.5254901960784314
0.5098039215686274
0.4235294117647059
0.45098039215686275
0.592156862745098
0.5607843137254902
0.5215686274509803
0.5647058823529412
0.6235294117647059
0.5647058823529412
0.5607843137254902
0.5803921568627451
0.6
0.5882352941176471
0.5254901960784314
0.5137254901960784
0.5568627450980392
0.5568627450980392
0.5647058823529412
0.5176470588235293
0.5372549019607843
0.5411764705882353
0.5215686274509803
0.49411764705882355
0.5490196078431372
0.615686274509804
0.6431372549019608
0.5999999999999999
0.5686274509803921
0.5490196078431372
0.5215686274509803
0.5411764705882353
0.5176470588235293
0.5254901960784314
0.4156862745098039
0.5254901960784314
0.5803921568627451
0.5568627450980392
0.5529411764705883
0.4784313725490196
0.5725490196078431
0.5137254901960784
0.5529411764705883
0.6039215686274509
0.5843137254901961
0.5568627450980392
0.5058823529411764
0.5254901960784314
0.5568627450980392
0.5686274509803921
0.5725490196078431
0.5411764705882353
0.5529411764705883
0.5294117647058824
0.49411764705882355
0.5333333333333333
0.5725490196078431
0.5725490196078431
0.6196078431372549
0.5803921568627451
0.5490196078431372
0.5686274509803921
0.5333333333333333
0.5294117647058824
0.5450980392156862
0.5254901960784314
0.4980392156862745
0.5019607843137255
0.5725490196078431
0.5843137254901961
0.5803921568627451
0.4470588235294118
0.4588235294117647
0.5176470588235293
0.5372549019607843
0.5647058823529412
0.5607843137254902
0.5490196078431372
0.5176470588235293
0.5254901960784314
0.5294117647058824
0.5254901960784314
0.5333333333333333
0.5529411764705883
0.5333333333333333
0.4196078431372549
0.44313725490196076
0.4666666666666667
0.5019607843137255
0.5607843137254902
0.6549019607843137
0.6
0.5372549019607843
0.5686274509803921
0.5372549019607843
0.5215686274509803
0.5137254901960784
0.48627450980392156
0.5372549019607843
0.5137254901960784
0.5294117647058824
0.5294117647058824
0.5568627450980392
0.41568627450980394
0.45098039215686275
0.5686274509803921
0.5568627450980392
0.5607843137254902
0.5411764705882353
0.5568627450980392
0.49019607843137253
0.48627450980392156
0.5058823529411764
0.4980392156862745
0.5294117647058824
0.5215686274509803
0.4784313725490196
0.40784313725490196
0.44313725490196076
0.4745098039215686
0.5686274509803921
0.6352941176470588
0.6862745098039216
0.5568627450980392
0.5137254901960784
0.5333333333333333
0.5254901960784314
0.5058823529411764
0.4980392156862745
0.5254901960784314
0.5568627450980392
0.5058823529411764
0.4941176470588235
0.4627450980392157
0.5333333333333332
0.4862745098039215
0.4392156862745098
0.44705882352941173
0.5411764705882353
0.5411764705882353
0.5254901960784314
0.5372549019607843
0.5333333333333333
0.5254901960784314
0.5176470588235293
0.5019607843137255
0.49411764705882355
0.4549019607843137
0.4666666666666667
0.4588235294117647
0.5529411764705883
0.6235294117647059
0.6274509803921569
0.6588235294117647
0.6274509803921569
0.5176470588235293
0.47058823529411764
0.5411764705882353
0.5058823529411764
0.49411764705882355
0.4980392156862745
0.5215686274509803
0.5568627450980392
0.5176470588235293
0.4549019607843137
0.4235294117647059
0.4862745098039215
0.5098039215686274
0.45098039215686275
0.4470588235294118
0.5098039215686274
0.5294117647058824
0.4980392156862745
0.5058823529411764
0.5490196078431372
0.5372549019607843
0.5333333333333333
0.5333333333333333
0.5254901960784314
0.5372549019607843
0.5764705882352941
0.5764705882352941
0.5764705882352941
0.5725490196078431
0.5725490196078431
0.5882352941176471
0.5607843137254902
0.44705882352941173
0.44313725490196076
0.5019607843137255
0.5019607843137255
0.4549019607843137
0.43529411764705883
0.4862745098039215
0.4627450980392157
0.4156862745098039
0.44313725490196076
0.43529411764705883
0.4901960784313726
0.4862745098039215
0.45098039215686275
0.44313725490196076
0.5176470588235293
0.5372549019607843
0.4823529411764706
0.4666666666666667
0.4627450980392157
0.47058823529411764
0.5019607843137255
0.5019607843137255
0.4980392156862745
0.48627450980392156
0.5137254901960784
0.5137254901960784
0.5019607843137255
0.4549019607843137
0.4588235294117647
0.4392156862745098
0.5019607843137255
0.44313725490196076
0.4980392156862745
0.5098039215686274
0.5294117647058824
0.40784313725490196
0.403921568627451
0.4627450980392157
0.4196078431372549
0.43137254901960786
0.47058823529411764
0.4666666666666667
0.4666666666666667
0.4588235294117647
0.45098039215686275
0.4470588235294118
0.5215686274509803
0.5372549019607843
0.5019607843137255
0.4823529411764706
0.4549019607843137
0.44705882352941173
0.4784313725490196
0.5058823529411764
0.5058823529411764
0.43529411764705883
0.4549019607843137
0.5411764705882353
0.44313725490196076
0.43137254901960786
0.4470588235294118
0.38431372549019605
0.4980392156862745
0.4117647058823529
0.4392156862745098
0.5098039215686274
0.5176470588235293
0.42745098039215684
0.4156862745098039
0.42745098039215684
0.39215686274509803
0.4
0.4549019607843137
0.45098039215686275
0.45098039215686275
0.4549019607843137
0.4588235294117647
0.4745098039215686
0.47058823529411764
0.5098039215686274
0.5725490196078431
0.5333333333333333
0.4823529411764706
0.4666666666666667
0.5137254901960784
0.5215686274509803
0.4666666666666667
0.44705882352941173
0.4392156862745098
0.5215686274509803
0.39215686274509803
0.4666666666666667
0.4588235294117647
0.47058823529411764
0.4745098039215686
0.3764705882352941
0.4
0.5019607843137255
0.4745098039215686
0.43529411764705883
0.403921568627451
0.43137254901960786
0.4196078431372549
0.40784313725490196
0.42745098039215684
0.40784313725490196
0.4392156862745098
0.5333333333333333
0.49411764705882355
0.4941176470588235
0.5058823529411764
0.5137254901960784
0.5490196078431372
0.5254901960784314
0.49411764705882355
0.4784313725490196
0.5058823529411764
0.49803921568627446
0.4392156862745098
0.4745098039215686
0.43137254901960786
0.48235294117647054
0.403921568627451
0.4549019607843137
0.44705882352941173
0.4823529411764706
0.45098039215686275
0.44705882352941173
0.4588235294117647
0.4823529411764706
0.49019607843137253
0.4823529411764706
0.4666666666666667
0.44705882352941173
0.4470588235294118
0.4627450980392157
0.44313725490196076
0.4745098039215686
0.4666666666666667
0.5764705882352941
0.5254901960784314
0.5137254901960784
0.5450980392156862
0.5490196078431372
0.5215686274509803
0.5333333333333333
0.5098039215686274
0.49019607843137253
0.4823529411764706
0.44313725490196076
0.4588235294117647
0.48627450980392156
0.49019607843137253
0.4980392156862745
0.5019607843137255
0.4588235294117647
0.5450980392156861
0.4549019607843137
0.4627450980392157
0.4627450980392157
0.4666666666666667
0.47058823529411764
0.4666666666666667
0.4823529411764706
0.5176470588235293
0.4784313725490196
0.4784313725490196
0.5215686274509803
0.5215686274509803
0.5019607843137255
0.4666666666666667
0.5725490196078431
0.5725490196078431
0.5568627450980392
0.5803921568627451
0.5686274509803921
0.5568627450980392
0.5568627450980392
0.5137254901960784
0.4745098039215686
0.4941176470588235
0.4745098039215686
0.5215686274509803
0.5098039215686274
0.5176470588235293
0.5450980392156862
0.5725490196078431
0.5254901960784314
0.5647058823529412
0.5098039215686274
0.5019607843137255
0.4823529411764706
0.4745098039215686
0.48627450980392156
0.49019607843137253
0.5137254901960784
0.5450980392156862
0.4980392156862745
0.4666666666666667
0.5019607843137255
0.5176470588235296
0.5098039215686274
0.5372549019607843
0.592156862745098
0.5882352941176471
0.6
0.5647058823529412
0.5568627450980392
0.5803921568627451
0.5490196078431372
0.5137254901960784
0.5137254901960784
0.5529411764705883
0.5215686274509803
0.5333333333333333
0.5098039215686274
0.5215686274509803
0.596078431372549
0.6039215686274509
0.5647058823529412
0.5607843137254902
0.5137254901960784
0.5450980392156862
0.5686274509803921
0.5137254901960784
0.5333333333333333
0.5450980392156862
0.5333333333333333
0.5176470588235293
0.49019607843137253
0.48627450980392156
0.5176470588235293
0.5098039215686274
0.4941176470588235
0.5294117647058822
0.5725490196078431
0.5372549019607843
0.5607843137254902
0.5725490196078431
0.5803921568627451
0.615686274509804
0.592156862745098
0.5215686274509803
0.5176470588235293
0.5882352941176471
0.5568627450980392
0.5215686274509803
0.49411764705882355
0.5098039215686274
0.5686274509803921
0.592156862745098
0.5607843137254902
0.5647058823529412
0.5215686274509803
0.5529411764705883
0.592156862745098
0.596078431372549
0.5568627450980392
0.5372549019607843
0.5568627450980392
0.5098039215686274
0.4980392156862745
0.49019607843137253
0.5019607843137255
0.4745098039215686
0.49019607843137253
0.5215686274509803
0.5882352941176471
0.5529411764705883
0.5294117647058824
0.5568627450980392
0.6
0.6078431372549019
0.5882352941176471
0.5450980392156862
0.5333333333333333
0.556862745098039
0.5450980392156861
0.49411764705882355
0.4627450980392157
0.5058823529411764
0.5568627450980392
0.5176470588235293
0.49411764705882355
0.5647058823529412
0.5411764705882353
0.5411764705882353
0.5607843137254902
0.592156862745098
0.5490196078431372
0.5372549019607843
0.5529411764705883
0.5254901960784313
0.5294117647058825
0.5176470588235293
0.5176470588235293
0.49019607843137253
0.47058823529411764
0.5098039215686274
0.5764705882352941
0.5607843137254902
0.5490196078431372
0.5490196078431372
0.6
0.5764705882352941
0.5568627450980392
0.5568627450980392
0.5529411764705883
0.5490196078431371
0.5333333333333333
0.5372549019607843
0.49411764705882355
0.4784313725490196
0.5294117647058824
0.5215686274509803
0.4980392156862745
0.5254901960784314
0.5490196078431372
0.5137254901960784
0.5176470588235293
0.5725490196078431
0.5529411764705883
0.5372549019607843
0.5529411764705883
0.5176470588235293
0.5450980392156863
0.5490196078431373
0.5411764705882353
0.5450980392156861
0.4666666666666667
0.49019607843137253
0.5176470588235293
0.5254901960784314
0.5450980392156862
0.6274509803921569
0.6039215686274509
0.5137254901960784
0.5254901960784314
0.5372549019607843
0.5647058823529412
0.5372549019607843
0.5607843137254902
0.5764705882352941
0.5019607843137255
0.4666666666666667
0.5098039215686274
0.5372549019607843
0.5372549019607843
0.5333333333333333
0.5490196078431372
0.5333333333333333
0.4980392156862745
0.5647058823529412
0.5490196078431371
0.5490196078431373
0.5215686274509805
0.5098039215686274
0.5294117647058822
0.5568627450980392
0.5450980392156863
0.5568627450980392
0.5098039215686274
0.48627450980392156
0.5058823529411764
0.5058823529411764
0.5647058823529412
0.5921568627450979
0.5137254901960784
0.5254901960784314
0.5176470588235293
0.5019607843137255
0.5333333333333334
0.5254901960784313
0.5372549019607844
0.552941176470588
0.4980392156862745
0.48235294117647054
0.5607843137254902
0.5607843137254902
0.5843137254901961
0.588235294117647
0.4862745098039215
0.4980392156862745
0.4823529411764706
0.49019607843137253
0.4784313725490196
0.48235294117647054
0.4862745098039215
0.4901960784313726
0.5215686274509804
0.5215686274509804
0.48235294117647054
0.5098039215686274
0.5098039215686274
0.5568627450980392
0.3529411764705882
0.3686274509803922
0.26666666666666666
0.27450980392156865
0.3254901960784314
0.3607843137254902
0.2549019607843137
0.23529411764705882
0.34901960784313724
0.3803921568627451
0.3333333333333333
0.2588235294117647
0.3607843137254902
0.34509803921568627
0.3686274509803922
0.34901960784313724
0.22352941176470587
0.21176470588235294
0.29411764705882354
0.2588235294117647
0.22745098039215683
0.2392156862745098
0.2980392156862745
0.3372549019607843
0.2901960784313725
0.27058823529411763
0.36470588235294116
0.27450980392156865
0.2980392156862745
0.22745098039215683
0.23137254901960785
0.29411764705882354
0.4
0.3607843137254902
0.2627450980392157
0.34901960784313724
0.32941176470588235
0.3333333333333333
0.33725490196078434
0.3529411764705882
0.38823529411764707
0.34901960784313724
0.3176470588235294
0.3254901960784314
0.33725490196078434
0.3411764705882353
0.3764705882352941
0.3411764705882353
0.27058823529411763
0.26666666666666666
0.20392156862745098
0.3137254901960784
0.30196078431372547
0.2784313725490196
0.2588235294117647
0.2784313725490196
0.3176470588235294
0.25098039215686274
0.2901960784313725
0.24705882352941178
0.26666666666666666
0.27058823529411763
0.20784313725490194
0.2431372549019608
0.4117647058823529
0.396078431372549
0.3607843137254902
0.38823529411764707
0.2901960784313726
0.3176470588235294
0.3607843137254902
0.396078431372549
0.3568627450980392
0.23137254901960785
0.33725490196078434
0.3058823529411765
0.2196078431372549
0.3411764705882353
0.3803921568627451
0.32156862745098036
0.2823529411764706
0.3058823529411765
0.28627450980392155
0.30980392156862746
0.23529411764705882
0.3137254901960784
0.2392156862745098
0.27450980392156865
0.3058823529411765
0.24313725490196075
0.25098039215686274
0.20392156862745098
0.25882352941176473
0.28627450980392155
0.21568627450980393
0.17254901960784313
0.38431372549019605
0.39215686274509803
0.3686274509803922
0.40784313725490196
0.3686274509803922
0.34901960784313724
0.37254901960784315
0.396078431372549
0.36470588235294116
0.33725490196078434
0.3529411764705882
0.3058823529411765
0.21568627450980393
0.25098039215686274
0.3176470588235294
0.3137254901960784
0.32156862745098036
0.3607843137254902
0.32156862745098036
0.30980392156862746
0.27450980392156865
0.30196078431372547
0.27058823529411763
0.3137254901960784
0.39215686274509803
0.3333333333333333
0.3254901960784314
0.21176470588235294
0.30980392156862746
0.30980392156862746
0.26666666666666666
0.22352941176470587
0.26666666666666666
0.3254901960784314
0.33725490196078434
0.3411764705882353
0.3803921568627451
0.3607843137254902
0.34509803921568627
0.3686274509803922
0.34901960784313724
0.38823529411764707
0.37254901960784315
0.33725490196078434
0.21176470588235294
0.27058823529411763
0.3137254901960784
0.2901960784313725
0.34509803921568627
0.40784313725490196
0.36470588235294116
0.29411764705882354
0.28627450980392155
0.26666666666666666
0.2745098039215686
0.30196078431372547
0.3254901960784314
0.3568627450980392
0.396078431372549
0.34509803921568627
0.33725490196078434
0.34901960784313724
0.36470588235294116
0.36470588235294116
0.2823529411764706
0.2196078431372549
0.2901960784313725
0.25098039215686274
0.3176470588235294
0.3254901960784314
0.3411764705882353
0.3333333333333333
0.30980392156862746
0.3411764705882353
0.34901960784313724
0.3137254901960784
0.22352941176470587
0.27058823529411763
0.2823529411764706
0.24705882352941178
0.34509803921568627
0.3764705882352941
0.3764705882352941
0.27450980392156865
0.27450980392156865
0.2392156862745098
0.23137254901960785
0.28627450980392155
0.3568627450980392
0.32941176470588235
0.38823529411764707
0.3607843137254902
0.33725490196078434
0.3058823529411765
0.3137254901960784
0.33725490196078434
0.2588235294117647
0.21176470588235294
0.20392156862745098
0.30196078431372547
0.2627450980392157
0.28627450980392155
0.30196078431372547
0.30196078431372547
0.27450980392156865
0.23137254901960785
0.3254901960784314
0.23137254901960785
0.22352941176470587
0.3137254901960784
0.32156862745098036
0.23529411764705882
0.2823529411764706
0.37254901960784315
0.34509803921568627
0.2627450980392157
0.23529411764705882
0.2627450980392157
0.1764705882352941
0.2627450980392157
0.37254901960784315
0.36470588235294116
0.3176470588235294
0.2980392156862745
0.3764705882352941
0.3176470588235294
0.27058823529411763
0.30980392156862746
0.2196078431372549
0.21568627450980393
0.2901960784313725
0.3058823529411765
0.2549019607843137
0.25098039215686274
0.2627450980392157
0.2549019607843137
0.2627450980392157
0.21568627450980393
0.2196078431372549
0.22745098039215683
0.21568627450980393
0.2196078431372549
0.2392156862745098
0.26666666666666666
0.2196078431372549
0.34901960784313724
0.3686274509803922
0.2588235294117647
0.19607843137254902
0.23137254901960785
0.2196078431372549
0.2431372549019608
0.36470588235294116
0.3803921568627451
0.29411764705882354
0.1568627450980392
0.29411764705882354
0.3803921568627451
0.30196078431372547
0.33725490196078434
0.22352941176470587
0.2431372549019608
0.33725490196078434
0.3137254901960784
0.27058823529411763
0.2549019607843137
0.16078431372549018
0.24313725490196078
0.2549019607843137
0.20784313725490194
0.2
0.1803921568627451
0.1843137254901961
0.21176470588235294
0.2
0.2392156862745098
0.20392156862745098
0.3137254901960784
0.38431372549019605
0.2980392156862745
0.20784313725490194
0.22745098039215683
0.24705882352941178
0.2588235294117647
0.28627450980392155
0.39215686274509803
0.30196078431372547
0.16470588235294117
0.20784313725490194
0.3607843137254902
0.26666666666666666
0.18823529411764706
0.21176470588235294
0.2392156862745098
0.3333333333333333
0.32156862745098036
0.3254901960784314
0.2901960784313725
0.26666666666666666
0.19607843137254902
0.1803921568627451
0.20784313725490194
0.1803921568627451
0.17254901960784313
0.2588235294117647
0.2
0.1843137254901961
0.2823529411764706
0.2784313725490196
0.2901960784313725
0.38823529411764707
0.29411764705882354
0.26666666666666666
0.22745098039215683
0.28627450980392155
0.3607843137254902
0.2784313725490196
0.34901960784313724
0.21568627450980393
0.18823529411764706
0.20784313725490194
0.30196078431372547
0.1803921568627451
0.14901960784313725
0.19607843137254902
0.1843137254901961
0.2823529411764706
0.32156862745098036
0.3254901960784314
0.29411764705882354
0.28627450980392155
0.2901960784313725
0.30196078431372547
0.2901960784313725
0.2980392156862745
0.3254901960784314
0.30980392156862746
0.27058823529411763
0.19607843137254902
0.22745098039215683
0.2431372549019608
0.25098039215686274
0.36470588235294116
0.28627450980392155
0.30196078431372547
0.2901960784313725
0.37254901960784315
0.27058823529411763
0.20784313725490194
0.2392156862745098
0.2
0.19215686274509802
0.20784313725490194
0.22745098039215683
0.3176470588235294
0.19215686274509802
0.3411764705882353
0.2823529411764706
0.2549019607843137
0.2627450980392157
0.3058823529411765
0.2901960784313725
0.25098039215686274
0.2980392156862745
0.3254901960784314
0.28627450980392155
0.3058823529411765
0.2823529411764706
0.2980392156862745
0.33725490196078434
0.22745098039215683
0.23529411764705882
0.2392156862745098
0.30196078431372547
0.34901960784313724
0.30196078431372547
0.4
0.30980392156862746
0.30980392156862746
0.32156862745098036
0.2980392156862745
0.22352941176470587
0.21568627450980393
0.21568627450980393
0.3607843137254902
0.30980392156862746
0.2392156862745098
0.23529411764705882
0.3333333333333333
0.30980392156862746
0.2784313725490196
0.2196078431372549
0.32941176470588235
0.2823529411764706
0.29411764705882354
0.3254901960784314
0.29411764705882354
0.2823529411764706
0.3176470588235294
0.2784313725490196
0.2627450980392157
0.3137254901960784
0.2823529411764706
0.2549019607843137
0.27450980392156865
0.3333333333333333
0.33725490196078434
0.37254901960784315
0.4156862745098039
0.27058823529411763
0.30196078431372547
0.32156862745098036
0.3333333333333333
0.34901960784313724
0.23529411764705882
0.22745098039215683
0.3568627450980392
0.3333333333333333
0.2196078431372549
0.20784313725490194
0.32941176470588235
0.34509803921568627
0.3333333333333333
0.3333333333333333
0.3529411764705882
0.30980392156862746
0.32941176470588235
0.3058823529411765
0.3058823529411765
0.3686274509803922
0.3333333333333333
0.3411764705882353
0.3137254901960784
0.3254901960784314
0.30196078431372547
0.26666666666666666
0.2784313725490196
0.3137254901960784
0.32156862745098036
0.39215686274509803
0.3803921568627451
0.25098039215686274
0.3529411764705882
0.3529411764705882
0.32941176470588235
0.34509803921568627
0.28627450980392155
0.17254901960784313
0.27058823529411763
0.36470588235294116
0.2980392156862745
0.2823529411764706
0.27058823529411763
0.3607843137254902
0.30196078431372547
0.26666666666666666
0.2980392156862745
0.2588235294117647
0.26666666666666666
0.27058823529411763
0.2784313725490196
0.33725490196078434
0.3568627450980392
0.34901960784313724
0.29411764705882354
0.2627450980392157
0.29411764705882354
0.2823529411764706
0.27450980392156865
0.3254901960784314
0.3686274509803922
0.3803921568627451
0.37254901960784315
0.26666666666666666
0.2980392156862745
0.2784313725490196
0.3058823529411765
0.3176470588235294
0.2823529411764706
0.2
0.33725490196078434
0.3607843137254902
0.2823529411764706
0.3137254901960784
0.19607843137254902
0.3333333333333333
0.2588235294117647
0.2901960784313725
0.3686274509803921
0.2549019607843137
0.26666666666666666
0.2823529411764706
0.26666666666666666
0.27058823529411763
0.29411764705882354
0.25098039215686274
0.2901960784313725
0.2627450980392157
0.3137254901960784
0.30196078431372547
0.3137254901960784
0.3333333333333333
0.37254901960784315
0.4
0.38823529411764707
0.26666666666666666
0.2784313725490196
0.2392156862745098
0.2549019607843137
0.34509803921568627
0.2980392156862745
0.2980392156862745
0.33725490196078434
0.3254901960784314
0.2980392156862745
0.34509803921568627
0.20392156862745098
0.2196078431372549
0.30980392156862746
0.30196078431372547
0.3803921568627451
0.2980392156862745
0.2549019607843137
0.30196078431372547
0.2784313725490196
0.25098039215686274
0.27450980392156865
0.22352941176470587
0.2431372549019608
0.2901960784313725
0.3058823529411765
0.32941176470588235
0.3254901960784314
0.3333333333333333
0.37254901960784315
0.47058823529411764
0.4156862745098039
0.27058823529411763
0.36470588235294116
0.2431372549019608
0.29411764705882354
0.30980392156862746
0.27058823529411763
0.32156862745098036
0.3411764705882353
0.27450980392156865
0.2823529411764706
0.34901960784313724
0.19607843137254902
0.19607843137254902
0.3568627450980392
0.3568627450980392
0.32941176470588235
0.2901960784313725
0.24705882352941178
0.2784313725490196
0.2823529411764706
0.23137254901960785
0.24313725490196075
0.2784313725490196
0.27450980392156865
0.2588235294117647
0.24705882352941178
0.2823529411764706
0.34509803921568627
0.3686274509803921
0.43137254901960786
0.5098039215686274
0.3803921568627451
0.2549019607843137
0.29411764705882354
0.23137254901960785
0.19607843137254902
0.27450980392156865
0.3254901960784314
0.3764705882352941
0.3137254901960784
0.24313725490196075
0.3176470588235294
0.34901960784313724
0.2392156862745098
0.2196078431372549
0.29411764705882354
0.3411764705882353
0.32156862745098036
0.30196078431372547
0.24313725490196078
0.26666666666666666
0.3411764705882353
0.2784313725490196
0.22745098039215683
0.2549019607843137
0.27450980392156865
0.2901960784313725
0.34509803921568627
0.39215686274509803
0.4392156862745098
0.4392156862745098
0.4784313725490196
0.4627450980392157
0.32156862745098036
0.3058823529411765
0.3254901960784314
0.27450980392156865
0.16470588235294117
0.1803921568627451
0.2784313725490196
0.3607843137254902
0.34509803921568627
0.23529411764705882
0.21568627450980393
0.28627450980392155
0.23529411764705882
0.25098039215686274
0.24705882352941178
0.32156862745098036
0.32156862745098036
0.2784313725490196
0.27450980392156865
0.2784313725490196
0.3333333333333333
0.28627450980392155
0.23137254901960785
0.2588235294117647
0.33725490196078434
0.38823529411764707
0.38431372549019605
0.38431372549019605
0.4
0.403921568627451
0.4156862745098039
0.39215686274509803
0.2980392156862745
0.26666666666666666
0.2627450980392157
0.2823529411764706
0.1803921568627451
0.2
0.28627450980392155
0.2823529411764706
0.20392156862745098
0.21568627450980393
0.24705882352941178
0.3137254901960784
0.20784313725490194
0.22352941176470587
0.26666666666666666
0.3411764705882353
0.34509803921568627
0.2784313725490196
0.2823529411764706
0.2392156862745098
0.24313725490196078
0.25098039215686274
0.1803921568627451
0.2
0.24705882352941178
0.24705882352941178
0.38431372549019605
0.3058823529411765
0.2901960784313725
0.30196078431372547
0.3254901960784314
0.29411764705882354
0.2784313725490196
0.2784313725490196
0.2823529411764706
0.28627450980392155
0.16862745098039217
0.17254901960784313
0.21176470588235294
0.18823529411764706
0.20784313725490194
0.18823529411764706
0.27058823529411763
0.2980392156862745
0.20784313725490194
0.22352941176470587
0.2431372549019608
0.33725490196078434
0.3568627450980392
0.3176470588235294
0.2784313725490196
0.25098039215686274
0.2392156862745098
0.2392156862745098
0.2392156862745098
0.2588235294117647
0.24313725490196078
0.23529411764705882
0.3607843137254902
0.30980392156862746
0.2588235294117647
0.2823529411764706
0.27058823529411763
0.2392156862745098
0.20784313725490194
0.2823529411764706
0.3058823529411765
0.19607843137254902
0.16078431372549018
0.1568627450980392
0.19215686274509802
0.20392156862745098
0.20784313725490194
0.1803921568627451
0.23529411764705882
0.23529411764705882
0.2392156862745098
0.22352941176470587
0.24705882352941178
0.2627450980392157
0.32156862745098036
0.33725490196078434
0.29411764705882354
0.27058823529411763
0.2392156862745098
0.2627450980392157
0.20392156862745098
0.23137254901960785
0.19607843137254902
0.2784313725490196
0.33725490196078434
0.2627450980392157
0.2392156862745098
0.24313725490196075
0.21176470588235294
0.22352941176470587
0.19607843137254902
0.26666666666666666
0.3137254901960784
0.1764705882352941
0.1568627450980392
0.16862745098039217
0.2784313725490196
0.2196078431372549
0.16470588235294117
0.18823529411764706
0.21568627450980393
0.19215686274509802
0.3529411764705882
0.2431372549019608
0.29411764705882354
0.2549019607843137
0.3137254901960784
0.3215686274509804
0.2392156862745098
0.2196078431372549
0.24313725490196078
0.22745098039215683
0.18823529411764706
0.2
0.24705882352941178
0.26666666666666666
0.3058823529411765
0.28627450980392155
0.19607843137254902
0.2431372549019608
0.1843137254901961
0.1803921568627451
0.23529411764705882
0.27450980392156865
0.27058823529411763
0.19607843137254902
0.1764705882352941
0.2392156862745098
0.30196078431372547
0.28627450980392155
0.2627450980392157
0.25882352941176473
0.23137254901960785
0.22352941176470587
0.3568627450980392
0.2627450980392157
0.30588235294117644
0.3529411764705882
0.3176470588235294
0.26666666666666666
0.3333333333333333
0.22745098039215683
0.21176470588235294
0.21568627450980393
0.1568627450980392
0.19607843137254902
0.18823529411764706
0.27058823529411763
0.2980392156862745
0.29411764705882354
0.1764705882352941
0.19607843137254902
0.1803921568627451
0.19607843137254902
0.20392156862745098
0.2980392156862745
0.18823529411764706
0.15294117647058825
0.21568627450980393
0.3058823529411765
0.29411764705882354
0.23137254901960785
0.2901960784313725
0.30196078431372547
0.2823529411764706
0.2
0.30980392156862746
0.3254901960784314
0.33725490196078434
0.3568627450980392
0.2431372549019608
0.3176470588235294
0.3529411764705882
0.2392156862745098
0.2
0.23529411764705882
0.20784313725490194
0.2627450980392157
0.23137254901960785
0.2196078431372549
0.32941176470588235
0.3529411764705882
0.23137254901960785
0.22352941176470587
0.1803921568627451
0.2196078431372549
0.22352941176470587
0.2627450980392157
0.20392156862745098
0.21568627450980393
0.28627450980392155
0.32941176470588235
0.2627450980392157
0.21568627450980393
0.26666666666666666
0.3058823529411765
0.2588235294117647
0.27450980392156865
0.2980392156862745
0.27450980392156865
0.32156862745098036
0.2392156862745098
0.30980392156862746
0.3411764705882353
0.33725490196078434
0.23137254901960785
0.23137254901960785
0.2549019607843137
0.22352941176470587
0.27058823529411763
0.23529411764705882
0.2196078431372549
0.34509803921568627
0.3254901960784314
0.24705882352941178
0.2627450980392157
0.19215686274509802
0.2196078431372549
0.3176470588235294
0.25098039215686274
0.2823529411764706
0.28627450980392155
0.2901960784313725
0.2823529411764706
0.25098039215686274
0.2392156862745098
0.23529411764705882
0.25882352941176473
0.2588235294117647
0.30196078431372547
0.27450980392156865
0.21176470588235294
0.2196078431372549
0.2627450980392157
0.38823529411764707
0.39215686274509803
0.36470588235294116
0.2196078431372549
0.21568627450980393
0.2784313725490196
0.2392156862745098
0.23529411764705882
0.2392156862745098
0.23137254901960785
0.29411764705882354
0.2745098039215686
0.2196078431372549
0.26666666666666666
0.23137254901960785
0.24705882352941178
0.39215686274509803
0.4156862745098039
0.3333333333333333
0.2823529411764706
0.29411764705882354
0.27058823529411763
0.2627450980392157
0.24705882352941178
0.21568627450980393
0.22745098039215686
0.22745098039215683
0.26666666666666666
0.2980392156862745
0.22352941176470587
0.20784313725490194
0.30588235294117644
0.4
0.403921568627451
0.3529411764705882
0.2196078431372549
0.2392156862745098
0.29411764705882354
0.2549019607843137
0.21176470588235294
0.22352941176470587
0.25098039215686274
0.2980392156862745
0.22352941176470587
0.19215686274509802
0.20392156862745098
0.19607843137254902
0.20784313725490194
0.3176470588235294
0.34509803921568627
0.26666666666666666
0.26666666666666666
0.3254901960784314
0.22745098039215683
0.25098039215686274
0.2392156862745098
0.23529411764705882
0.20784313725490194
0.20784313725490194
0.21568627450980393
0.29411764705882354
0.2588235294117647
0.25098039215686274
0.34509803921568627
0.3803921568627451
0.3686274509803922
0.2784313725490196
0.2392156862745098
0.2588235294117647
0.2784313725490196
0.2980392156862745
0.27450980392156865
0.2431372549019608
0.2549019607843137
0.2627450980392157
0.2431372549019608
0.21568627450980393
0.18823529411764706
0.18823529411764706
0.2392156862745098
0.2823529411764706
0.2392156862745098
0.27058823529411763
0.2980392156862745
0.27058823529411763
0.23137254901960785
0.27450980392156865
0.2549019607843137
0.26666666666666666
0.2431372549019608
0.21176470588235294
0.2
0.2549019607843137
0.27058823529411763
0.2588235294117647
0.38823529411764707
0.33725490196078434
0.21176470588235294
0.23137254901960785
0.2392156862745098
0.26666666666666666
0.2431372549019608
0.3176470588235294
0.3058823529411765
0.23137254901960785
0.24313725490196075
0.2901960784313726
0.24705882352941178
0.29411764705882354
0.24705882352941178
0.24705882352941178
0.26666666666666666
0.2745098039215686
0.23137254901960785
0.27058823529411763
0.2745098039215686
0.2980392156862745
0.2627450980392157
0.26666666666666666
0.2627450980392157
0.25098039215686274
0.2588235294117647
0.2196078431372549
0.23137254901960785
0.23137254901960785
0.2588235294117647
0.2823529411764706
0.3333333333333333
0.2627450980392157
0.23137254901960785
0.2196078431372549
0.20784313725490194
0.29411764705882354
0.2392156862745098
0.2549019607843137
0.26666666666666666
0.24313725490196075
0.2823529411764706
0.35294117647058826
0.3176470588235294
0.3411764705882353
0.3372549019607843
0.27058823529411763
0.30980392156862746
0.2627450980392157
0.23137254901960785
0.2784313725490196
0.2901960784313725
0.2980392156862745
0.2549019607843137
0.2627450980392157
0.2392156862745098
0.18823529411764706
0.19607843137254902
0.23137254901960785
0.2823529411764706
