0.3764705882352941
0.2823529411764706
0.32156862745098036
0.3686274509803922
0.34509803921568627
0.27450980392156865
0.17254901960784313
0.09411764705882353
0.18823529411764706
0.43529411764705883
0.4745098039215686
0.5254901960784314
0.5019607843137255
0.5254901960784314
0.5764705882352941
0.615686274509804
0.6274509803921569
0.5882352941176471
0.5960784313725489
0.7254901960784313
0.807843137254902
0.7372549019607842
0.803921568627451
0.807843137254902
0.6549019607843137
0.5529411764705883
0.5098039215686274
0.4745098039215686
0.4627450980392157
0.4627450980392157
0.4745098039215686
0.4196078431372549
0.4627450980392157
0.3058823529411765
0.32156862745098036
0.3254901960784314
0.3333333333333333
0.25098039215686274
0.2431372549019608
0.24705882352941178
0.2196078431372549
0.27450980392156865
0.3254901960784314
0.36470588235294116
0.4588235294117647
0.5411764705882353
0.5294117647058825
0.5686274509803921
0.5490196078431373
0.5529411764705883
0.5647058823529412
0.6823529411764706
0.7843137254901961
0.8156862745098039
0.8549019607843137
0.8627450980392156
0.7254901960784313
0.5960784313725489
0.580392156862745
0.4980392156862745
0.4627450980392157
0.4666666666666667
0.4627450980392157
0.4392156862745098
0.3333333333333333
0.4196078431372549
0.38823529411764707
0.3803921568627451
0.3058823529411765
0.14901960784313725
0.2980392156862745
0.3764705882352941
0.2196078431372549
0.11764705882352941
0.1568627450980392
0.22352941176470587
0.33725490196078434
0.49411764705882355
0.5137254901960784
0.5647058823529412
0.5647058823529412
0.6313725490196078
0.6392156862745098
0.6313725490196078
0.6705882352941177
0.6549019607843138
0.6549019607843137
0.6588235294117648
0.5725490196078431
0.5411764705882354
0.5372549019607843
0.48627450980392156
0.40784313725490196
0.4156862745098039
0.4
0.3686274509803922
0.39215686274509803
0.5254901960784314
0.38431372549019605
0.34509803921568627
0.24705882352941178
0.1803921568627451
0.1764705882352941
0.28627450980392155
0.2901960784313725
0.19215686274509802
0.27058823529411763
0.32941176470588235
0.396078431372549
0.4235294117647059
0.4156862745098039
0.39215686274509803
0.403921568627451
0.49411764705882355
0.6235294117647059
0.7176470588235294
0.7686274509803922
0.6666666666666666
0.5529411764705883
0.4549019607843137
0.4196078431372549
0.4549019607843137
0.4588235294117647
0.3568627450980392
0.3764705882352941
0.3058823529411765
0.26666666666666666
0.37254901960784315
0.6784313725490196
0.6784313725490196
0.32156862745098036
0.16862745098039217
0.19215686274509802
0.1803921568627451
0.2588235294117647
0.2784313725490196
0.39215686274509803
0.4392156862745098
0.4627450980392157
0.49411764705882355
0.5333333333333333
0.5294117647058824
0.5058823529411764
0.5137254901960784
0.4980392156862745
0.4980392156862745
0.5568627450980392
0.6470588235294117
0.6235294117647059
0.5686274509803921
0.4745098039215686
0.28627450980392155
0.21568627450980393
0.34901960784313724
0.38431372549019605
0.3607843137254902
0.38431372549019605
0.27058823529411763
0.17254901960784313
0.2392156862745098
0.7137254901960784
0.5843137254901961
0.27058823529411763
0.1411764705882353
0.20392156862745098
0.27450980392156865
0.37254901960784315
0.5019607843137255
0.5764705882352941
0.6196078431372549
0.5725490196078431
0.5607843137254902
0.5215686274509804
0.5490196078431372
0.5607843137254902
0.5725490196078431
0.5647058823529412
0.5529411764705883
0.4588235294117647
0.4745098039215686
0.4666666666666667
0.39999999999999997
0.3058823529411765
0.27058823529411763
0.23529411764705882
0.36470588235294116
0.36470588235294116
0.38431372549019605
0.4117647058823529
0.3607843137254902
0.24705882352941178
0.18823529411764706
0.22745098039215686
0.32156862745098036
0.21176470588235294
0.19215686274509802
0.2392156862745098
0.1843137254901961
0.21568627450980393
0.4745098039215686
0.5490196078431372
0.6039215686274509
0.6196078431372549
0.6078431372549019
0.596078431372549
0.5843137254901961
0.5411764705882353
0.4980392156862745
0.48627450980392156
0.5568627450980392
0.5607843137254902
0.4823529411764706
0.33725490196078434
0.28627450980392155
0.30980392156862746
0.37254901960784315
0.396078431372549
0.5490196078431372
0.47058823529411764
0.3568627450980392
0.37254901960784315
0.38823529411764707
0.2588235294117647
0.07450980392156863
0.16470588235294117
0.14901960784313725
0.11764705882352941
0.3411764705882353
0.24313725490196078
0.12941176470588234
0.17254901960784313
0.24705882352941178
0.08235294117647059
0.2901960784313725
0.5843137254901961
0.6
0.5607843137254902
0.49411764705882355
0.403921568627451
0.38431372549019605
0.49019607843137253
0.6352941176470588
0.596078431372549
0.29411764705882354
0.16470588235294117
0.16078431372549018
0.19607843137254902
0.2588235294117647
0.3333333333333333
0.4235294117647059
0.6745098039215686
0.7215686274509804
0.5372549019607843
0.2392156862745098
0.06666666666666667
0.03137254901960784
0.1215686274509804
0.0980392156862745
0.2196078431372549
0.4196078431372549
0.23529411764705882
0.16470588235294117
0.2588235294117647
0.30196078431372547
0.06666666666666667
0.054901960784313725
0.23529411764705882
0.5529411764705883
0.4588235294117647
0.4627450980392157
0.4117647058823529
0.44705882352941173
0.5450980392156862
0.5843137254901961
0.3803921568627451
0.21176470588235294
0.1803921568627451
0.1843137254901961
0.18823529411764706
0.2196078431372549
0.43529411764705883
0.3529411764705882
0.3254901960784314
0.6117647058823529
0.5882352941176471
0.11372549019607842
0.03529411764705882
0.01568627450980392
0.2784313725490196
0.33725490196078434
0.44705882352941173
0.4627450980392157
0.2901960784313725
0.22352941176470587
0.38823529411764707
0.4392156862745098
0.11372549019607842
0.050980392156862744
0.10588235294117647
0.49019607843137253
0.5058823529411764
0.3176470588235294
0.3686274509803922
0.5254901960784314
0.6470588235294118
0.49411764705882355
0.2627450980392157
0.20392156862745098
0.2
0.19215686274509802
0.21176470588235294
0.3372549019607843
0.43137254901960786
0.3764705882352941
0.22352941176470587
0.2901960784313725
0.396078431372549
0.21176470588235294
0.0196078431372549
0.00392156862745098
0.5490196078431372
0.5568627450980392
0.5490196078431372
0.43529411764705883
0.3764705882352941
0.34509803921568627
0.4313725490196078
0.36470588235294116
0.06274509803921569
0.0
0.06274509803921569
0.4
0.5529411764705883
0.3137254901960784
0.37254901960784315
0.5215686274509803
0.5843137254901961
0.37254901960784315
0.24705882352941178
0.19215686274509802
0.15294117647058825
0.16470588235294117
0.1803921568627451
0.25098039215686274
0.38431372549019605
0.37254901960784315
0.2784313725490196
0.23137254901960785
0.26666666666666666
0.22352941176470587
0.08235294117647059
0.06274509803921569
0.5686274509803924
0.5882352941176472
0.5490196078431373
0.37254901960784315
0.28627450980392155
0.39215686274509803
0.4549019607843137
0.3333333333333333
0.0392156862745098
0.011764705882352941
0.0
0.2901960784313725
0.584313725490196
0.40784313725490196
0.45098039215686275
0.5764705882352941
0.5137254901960784
0.29411764705882354
0.19215686274509802
0.1803921568627451
0.1568627450980392
0.1411764705882353
0.1764705882352941
0.18823529411764706
0.25098039215686274
0.2823529411764706
0.2588235294117647
0.21568627450980393
0.19215686274509802
0.25098039215686274
0.1803921568627451
0.050980392156862744
0.607843137254902
0.6588235294117647
0.5921568627450979
0.42745098039215684
0.23529411764705882
0.3686274509803922
0.45098039215686275
0.27450980392156865
0.10980392156862745
0.06274509803921569
0.0
0.18823529411764706
0.5372549019607844
0.4549019607843137
0.5098039215686274
0.615686274509804
0.42745098039215684
0.2392156862745098
0.16470588235294117
0.16470588235294117
0.14509803921568626
0.1411764705882353
0.16862745098039217
0.16862745098039217
0.16862745098039217
0.1803921568627451
0.19215686274509802
0.17254901960784313
0.15294117647058825
0.18823529411764706
0.23529411764705882
0.1803921568627451
0.7137254901960784
0.6862745098039216
0.5647058823529412
0.44705882352941173
0.37254901960784315
0.43137254901960786
0.4470588235294118
0.23137254901960785
0.20392156862745098
0.0980392156862745
0.0
0.12156862745098039
0.5333333333333334
0.4784313725490196
0.5058823529411764
0.5568627450980392
0.33725490196078434
0.1843137254901961
0.14509803921568626
0.13333333333333333
0.12156862745098039
0.12549019607843137
0.14509803921568626
0.16470588235294117
0.16862745098039217
0.16470588235294117
0.1764705882352941
0.17254901960784313
0.16470588235294117
0.16078431372549018
0.18823529411764706
0.2392156862745098
0.7294117647058823
0.6980392156862745
0.5019607843137255
0.39215686274509803
0.4235294117647059
0.4588235294117647
0.4117647058823529
0.32156862745098036
0.24705882352941178
0.10196078431372549
0.03529411764705882
0.10980392156862745
0.5137254901960784
0.5058823529411764
0.5137254901960784
0.5098039215686274
0.30980392156862746
0.16862745098039217
0.13725490196078433
0.12941176470588234
0.13725490196078433
0.12941176470588234
0.16470588235294117
0.16862745098039217
0.15294117647058825
0.1803921568627451
0.16862745098039217
0.1568627450980392
0.16078431372549018
0.1568627450980392
0.17254901960784313
0.18823529411764706
0.6313725490196078
0.5254901960784315
0.43137254901960786
0.403921568627451
0.43529411764705883
0.43137254901960786
0.2980392156862745
0.5215686274509804
0.5333333333333333
0.0980392156862745
0.03529411764705882
0.08235294117647059
0.43137254901960786
0.5372549019607843
0.49019607843137253
0.5294117647058824
0.2823529411764706
0.15294117647058825
0.14901960784313725
0.1568627450980392
0.1803921568627451
0.15294117647058825
0.16862745098039217
0.1803921568627451
0.14509803921568626
0.16078431372549018
0.20392156862745098
0.1568627450980392
0.10588235294117647
0.12156862745098039
0.12549019607843137
0.0784313725490196
0.5176470588235293
0.3686274509803922
0.34509803921568627
0.4235294117647059
0.4196078431372549
0.4588235294117647
0.36470588235294116
0.3254901960784314
0.4745098039215686
0.1764705882352941
0.0392156862745098
0.13725490196078433
0.4156862745098039
0.5882352941176471
0.5254901960784314
0.5098039215686274
0.24313725490196078
0.14509803921568626
0.16862745098039217
0.1764705882352941
0.16862745098039217
0.1568627450980392
0.15294117647058825
0.14901960784313725
0.17254901960784313
0.16862745098039217
0.14509803921568626
0.13333333333333333
0.1411764705882353
0.16078431372549018
0.13333333333333333
0.2392156862745098
0.44705882352941173
0.3803921568627451
0.3764705882352941
0.403921568627451
0.44313725490196076
0.44313725490196076
0.4549019607843137
0.4
0.2823529411764706
0.23529411764705882
0.07450980392156863
0.21568627450980393
0.4235294117647059
0.6392156862745098
0.5372549019607843
0.5098039215686274
0.25098039215686274
0.1843137254901961
0.19607843137254902
0.19607843137254902
0.17254901960784313
0.14901960784313725
0.12941176470588234
0.12156862745098039
0.13725490196078433
0.16470588235294117
0.17254901960784313
0.2196078431372549
0.32156862745098036
0.3607843137254902
0.4392156862745098
0.48235294117647054
0.44705882352941173
0.4549019607843137
0.3803921568627451
0.4392156862745098
0.36470588235294116
0.30980392156862746
0.43529411764705883
0.4784313725490196
0.37254901960784315
0.2901960784313725
0.20784313725490194
0.2
0.396078431372549
0.6235294117647059
0.5450980392156862
0.4235294117647059
0.22352941176470587
0.1843137254901961
0.1764705882352941
0.1568627450980392
0.1568627450980392
0.1764705882352941
0.20392156862745098
0.25098039215686274
0.2901960784313725
0.3568627450980392
0.44313725490196076
0.5176470588235293
0.4980392156862745
0.5019607843137255
0.4862745098039215
0.4901960784313726
0.45098039215686275
0.4549019607843137
0.38823529411764707
0.36470588235294116
0.32941176470588235
0.3137254901960784
0.4745098039215686
0.5254901960784314
0.4745098039215686
0.4117647058823529
0.2627450980392157
0.17254901960784313
0.3333333333333333
0.596078431372549
0.6039215686274509
0.40784313725490196
0.36470588235294116
0.3568627450980392
0.2980392156862745
0.30980392156862746
0.3333333333333333
0.3803921568627451
0.37254901960784315
0.4392156862745098
0.4901960784313726
0.5058823529411764
0.4901960784313726
0.5098039215686274
0.5058823529411764
0.5019607843137255
0.49411764705882355
0.4980392156862745
0.4666666666666667
0.47058823529411764
0.3764705882352941
0.3058823529411765
0.3333333333333333
0.4117647058823529
0.49019607843137253
0.5098039215686274
0.5176470588235293
0.4549019607843137
0.403921568627451
0.2784313725490196
0.3568627450980392
0.615686274509804
0.5568627450980392
0.5450980392156861
0.4235294117647059
0.5019607843137255
0.47058823529411764
0.5372549019607843
0.5803921568627451
0.5372549019607843
0.5411764705882353
0.5333333333333333
0.5215686274509804
0.5176470588235295
0.5137254901960784
0.5098039215686274
0.5098039215686274
0.5098039215686274
0.5098039215686274
0.5098039215686274
0.5333333333333333
0.5490196078431372
0.43529411764705883
0.27450980392156865
0.2823529411764706
0.4235294117647059
0.49019607843137253
0.5019607843137255
0.5019607843137255
0.5137254901960784
0.47058823529411764
0.4235294117647059
0.4745098039215686
0.5333333333333333
0.5568627450980392
0.5843137254901961
0.48235294117647054
0.4156862745098039
0.5647058823529412
0.596078431372549
0.5137254901960784
0.5333333333333333
0.5372549019607843
0.5333333333333333
0.5294117647058824
0.5254901960784314
0.5254901960784314
0.5215686274509804
0.5176470588235295
0.5176470588235295
0.5137254901960784
0.5137254901960784
0.6745098039215686
0.6862745098039216
0.4862745098039215
0.18823529411764706
0.14509803921568626
0.3411764705882353
0.48627450980392156
0.4980392156862745
0.49411764705882355
0.5058823529411764
0.5176470588235293
0.5294117647058824
0.5450980392156862
0.4980392156862745
0.5254901960784314
0.5725490196078431
0.5764705882352941
0.45098039215686275
0.396078431372549
0.5803921568627451
0.5372549019607843
0.5176470588235295
0.5333333333333333
0.5411764705882353
0.5411764705882353
0.5372549019607843
0.5333333333333333
0.5294117647058824
0.5294117647058824
0.5294117647058824
0.5254901960784314
0.5254901960784314
0.7137254901960784
0.7411764705882353
0.6470588235294118
0.22352941176470587
0.09411764705882353
0.2784313725490196
0.396078431372549
0.5058823529411764
0.4980392156862745
0.5058823529411764
0.5137254901960784
0.5176470588235293
0.5411764705882353
0.5137254901960784
0.48627450980392156
0.5803921568627451
0.5764705882352941
0.6039215686274508
0.3058823529411765
0.40784313725490196
0.6235294117647059
0.5333333333333333
0.5137254901960784
0.5411764705882353
0.5529411764705883
0.5490196078431372
0.5450980392156862
0.5411764705882353
0.5372549019607843
0.5372549019607843
0.5333333333333333
0.5294117647058824
0.7294117647058823
0.7176470588235295
0.7411764705882353
0.5450980392156862
0.20784313725490194
0.3058823529411765
0.3333333333333333
0.4196078431372549
0.4980392156862745
0.48627450980392156
0.49411764705882355
0.5058823529411764
0.5176470588235293
0.5098039215686274
0.4745098039215686
0.49019607843137253
0.5568627450980392
0.6
0.5333333333333333
0.2196078431372549
0.3764705882352941
0.5686274509803921
0.5294117647058824
0.5215686274509804
0.5490196078431372
0.5568627450980392
0.5568627450980392
0.5490196078431372
0.5450980392156862
0.5411764705882353
0.5372549019607843
0.5333333333333333
0.6980392156862745
0.7137254901960786
0.7137254901960786
0.7568627450980392
0.4627450980392157
0.2196078431372549
0.3333333333333333
0.30196078431372547
0.43529411764705883
0.47058823529411764
0.4745098039215686
0.49411764705882355
0.49411764705882355
0.5058823529411764
0.5058823529411764
0.48627450980392156
0.5137254901960784
0.5921568627450979
0.6431372549019608
0.5215686274509804
0.2196078431372549
0.403921568627451
0.6078431372549019
0.5490196078431372
0.5529411764705883
0.5529411764705883
0.5725490196078431
0.5529411764705883
0.5490196078431372
0.5450980392156862
0.5411764705882353
0.5372549019607843
0.6823529411764706
0.6901960784313725
0.6941176470588235
0.6745098039215686
0.6274509803921569
0.13333333333333333
0.2549019607843137
0.396078431372549
0.3333333333333333
0.43529411764705883
0.45098039215686275
0.4627450980392157
0.4784313725490196
0.49019607843137253
0.5098039215686274
0.5137254901960784
0.5058823529411764
0.5882352941176471
0.6313725490196078
0.6705882352941176
0.5137254901960784
0.23529411764705882
0.40784313725490196
0.5803921568627451
0.5450980392156862
0.5529411764705883
0.5647058823529412
0.5529411764705885
0.5529411764705885
0.5490196078431373
0.5450980392156863
0.5450980392156862
0.6823529411764706
0.6784313725490196
0.6705882352941177
0.6627450980392157
0.7019607843137254
0.3411764705882353
0.10980392156862745
0.33725490196078434
0.36470588235294116
0.3333333333333333
0.43529411764705883
0.4588235294117647
0.4588235294117647
0.4745098039215686
0.5058823529411764
0.5254901960784314
0.5294117647058824
0.5843137254901961
0.615686274509804
0.6196078431372549
0.6588235294117647
0.4392156862745098
0.19215686274509802
0.403921568627451
0.5882352941176471
0.5490196078431372
0.5568627450980392
0.5647058823529412
0.5490196078431373
0.5529411764705883
0.5490196078431373
0.5490196078431372
0.6901960784313725
0.6901960784313725
0.6784313725490196
0.6627450980392158
0.6823529411764706
0.6078431372549019
0.1764705882352941
0.13333333333333333
0.3411764705882353
0.3333333333333333
0.34509803921568627
0.4588235294117647
0.4627450980392157
0.4745098039215686
0.49411764705882355
0.5215686274509803
0.5450980392156862
0.5607843137254902
0.5764705882352941
0.5921568627450982
0.6117647058823529
0.6078431372549019
0.38823529411764707
0.2
0.4117647058823529
0.6000000000000001
0.5568627450980392
0.5882352941176471
0.5921568627450979
0.5764705882352941
0.5882352941176472
0.5882352941176472
0.6862745098039216
0.6901960784313725
0.6823529411764706
0.6627450980392157
0.6588235294117647
0.7294117647058823
0.4588235294117647
0.058823529411764705
0.19607843137254902
0.3803921568627451
0.3333333333333333
0.3764705882352941
0.47058823529411764
0.47058823529411764
0.4745098039215686
0.5137254901960784
0.5411764705882353
0.5647058823529412
0.5725490196078431
0.5843137254901961
0.5568627450980392
0.6117647058823529
0.5764705882352941
0.3333333333333333
0.16862745098039217
0.42745098039215684
0.6392156862745098
0.5960784313725491
0.5686274509803921
0.5568627450980392
0.5490196078431372
0.5686274509803924
0.6784313725490196
0.6941176470588235
0.6941176470588235
0.6784313725490196
0.6941176470588235
0.7019607843137254
0.6823529411764706
0.2823529411764706
0.07058823529411765
0.3137254901960784
0.43137254901960786
0.3803921568627451
0.47058823529411764
0.49019607843137253
0.49411764705882355
0.5098039215686274
0.5294117647058824
0.5686274509803921
0.5725490196078431
0.5882352941176471
0.580392156862745
0.6627450980392157
0.6431372549019608
0.5882352941176471
0.3333333333333333
0.2549019607843137
0.4823529411764706
0.6
0.5686274509803921
0.5490196078431373
0.592156862745098
0.6196078431372549
0.6627450980392157
0.6784313725490196
0.6823529411764706
0.6784313725490196
0.6745098039215686
0.6588235294117647
0.6745098039215686
0.5843137254901961
0.1803921568627451
0.11372549019607843
0.3529411764705882
0.4745098039215686
0.4666666666666667
0.4823529411764706
0.49019607843137253
0.5176470588235293
0.5058823529411764
0.5529411764705883
0.596078431372549
0.596078431372549
0.5803921568627451
0.6235294117647059
0.6784313725490196
0.6549019607843137
0.5647058823529412
0.5137254901960784
0.45098039215686275
0.34509803921568627
0.33725490196078434
0.4392156862745098
0.37254901960784315
0.38823529411764707
0.40784313725490196
0.30980392156862746
0.34901960784313724
0.3764705882352941
0.36470588235294116
0.2627450980392157
0.17254901960784313
0.10588235294117648
0.19215686274509802
0.5098039215686274
0.5882352941176471
0.603921568627451
0.615686274509804
0.6313725490196078
0.6549019607843137
0.6705882352941176
0.6627450980392157
0.615686274509804
0.6431372549019607
0.7490196078431373
0.8196078431372549
0.7450980392156863
0.8117647058823529
0.8392156862745098
0.7176470588235294
0.6078431372549019
0.6039215686274509
0.6
0.6
0.5882352941176471
0.592156862745098
0.5215686274509804
0.4196078431372549
0.3333333333333333
0.3137254901960784
0.3176470588235294
0.37254901960784315
0.26666666666666666
0.25098039215686274
0.25098039215686274
0.23529411764705882
0.30196078431372547
0.3568627450980392
0.40784313725490196
0.5137254901960784
0.596078431372549
0.6392156862745098
0.6431372549019608
0.6235294117647059
0.588235294117647
0.615686274509804
0.7215686274509804
0.803921568627451
0.8274509803921568
0.8666666666666667
0.8705882352941177
0.7568627450980392
0.6196078431372549
0.6196078431372549
0.592156862745098
0.5568627450980392
0.5725490196078431
0.5647058823529412
0.4588235294117647
0.37254901960784315
0.44705882352941173
0.4117647058823529
0.40784313725490196
0.3333333333333333
0.17254901960784313
0.30980392156862746
0.3764705882352941
0.22745098039215683
0.11372549019607842
0.15294117647058825
0.23137254901960785
0.3529411764705882
0.5215686274509803
0.6117647058823529
0.615686274509804
0.6313725490196078
0.6313725490196078
0.6784313725490196
0.6745098039215687
0.7568627450980392
0.6901960784313725
0.6666666666666667
0.7490196078431373
0.615686274509804
0.5803921568627451
0.5803921568627451
0.49411764705882355
0.43529411764705883
0.4392156862745098
0.46274509803921565
0.4156862745098039
0.43137254901960786
0.5568627450980392
0.4196078431372549
0.3803921568627451
0.2627450980392157
0.2
0.19215686274509802
0.2823529411764706
0.29411764705882354
0.19607843137254902
0.2784313725490196
0.3568627450980392
0.4235294117647059
0.45098039215686275
0.4588235294117647
0.45098039215686275
0.4745098039215686
0.5450980392156862
0.6588235294117646
0.7490196078431373
0.788235294117647
0.6980392156862745
0.592156862745098
0.44313725490196076
0.3803921568627451
0.40784313725490196
0.4117647058823529
0.3254901960784314
0.36470588235294116
0.29411764705882354
0.2431372549019608
0.40784313725490196
0.6941176470588235
0.7058823529411765
0.38431372549019605
0.22352941176470587
0.2
0.23137254901960785
0.2627450980392157
0.30196078431372547
0.42745098039215684
0.49411764705882355
0.5372549019607843
0.5843137254901961
0.5607843137254902
0.5607843137254902
0.5686274509803921
0.5607843137254902
0.592156862745098
0.5686274509803921
0.6196078431372549
0.6549019607843138
0.6980392156862745
0.5529411764705883
0.4392156862745098
0.27450980392156865
0.2196078431372549
0.2627450980392157
0.30196078431372547
0.2901960784313725
0.4
0.2980392156862745
0.25098039215686274
0.24705882352941178
0.7254901960784313
0.6039215686274509
0.3137254901960784
0.1764705882352941
0.22745098039215683
0.32941176470588235
0.43529411764705883
0.5725490196078431
0.6431372549019608
0.6980392156862745
0.6705882352941176
0.6352941176470588
0.6352941176470588
0.6627450980392157
0.6705882352941176
0.6784313725490196
0.6666666666666666
0.5686274509803921
0.5294117647058824
0.5450980392156862
0.5215686274509803
0.4117647058823529
0.3764705882352941
0.3137254901960784
0.2901960784313725
0.34901960784313724
0.2980392156862745
0.4156862745098039
0.48627450980392156
0.43137254901960786
0.29411764705882354
0.19607843137254902
0.2392156862745098
0.3333333333333333
0.21568627450980393
0.2
0.29411764705882354
0.23529411764705882
0.26666666666666666
0.5529411764705883
0.6196078431372549
0.6862745098039216
0.7019607843137254
0.6862745098039216
0.6901960784313725
0.6823529411764706
0.6313725490196078
0.5215686274509804
0.6117647058823529
0.6666666666666665
0.607843137254902
0.5725490196078431
0.3568627450980392
0.38823529411764707
0.43529411764705883
0.45098039215686275
0.4627450980392157
0.5176470588235293
0.37254901960784315
0.2980392156862745
0.3254901960784314
0.32941176470588235
0.21176470588235294
0.09411764705882353
0.16078431372549018
0.21568627450980393
0.12549019607843137
0.3686274509803922
0.29411764705882354
0.1764705882352941
0.22352941176470587
0.3058823529411765
0.11372549019607842
0.3254901960784314
0.6549019607843136
0.6627450980392157
0.5725490196078431
0.5294117647058824
0.5333333333333332
0.5215686274509803
0.6509803921568628
0.7411764705882353
0.6941176470588235
0.403921568627451
0.24705882352941178
0.26666666666666666
0.3176470588235294
0.4156862745098039
0.5019607843137255
0.5490196078431372
0.6784313725490196
0.6352941176470588
0.2980392156862745
0.12156862745098039
0.12549019607843137
0.047058823529411764
0.1215686274509804
0.0980392156862745
0.21568627450980393
0.45098039215686275
0.28627450980392155
0.24313725490196078
0.32941176470588235
0.3333333333333333
0.08627450980392157
0.06666666666666667
0.2627450980392157
0.6078431372549019
0.5450980392156862
0.5843137254901961
0.5647058823529412
0.5882352941176471
0.6941176470588235
0.7411764705882353
0.4862745098039215
0.2784313725490196
0.2823529411764706
0.2823529411764706
0.2784313725490196
0.33725490196078434
0.5529411764705883
0.5294117647058822
0.4666666666666667
0.6784313725490196
0.5764705882352941
0.10588235294117648
0.0392156862745098
0.023529411764705882
0.25098039215686274
0.3137254901960784
0.4235294117647059
0.49019607843137253
0.3411764705882353
0.30196078431372547
0.3764705882352941
0.44705882352941173
0.13333333333333333
0.00784313725490196
0.11764705882352941
0.5490196078431372
0.5254901960784314
0.4588235294117647
0.49411764705882355
0.6627450980392157
0.7607843137254902
0.615686274509804
0.3568627450980392
0.2823529411764706
0.28627450980392155
0.21568627450980393
0.3176470588235294
0.4549019607843137
0.6117647058823529
0.4666666666666667
0.36470588235294116
0.43529411764705883
0.4627450980392157
0.22352941176470587
0.011764705882352941
0.01568627450980392
0.5098039215686274
0.5254901960784314
0.5372549019607843
0.4588235294117647
0.4235294117647059
0.4196078431372549
0.47058823529411764
0.3764705882352941
0.06666666666666667
0.00784313725490196
0.07058823529411765
0.44705882352941173
0.6117647058823528
0.4196078431372549
0.5529411764705883
0.7019607843137252
0.7098039215686274
0.5019607843137255
0.2823529411764706
0.27058823529411763
0.2196078431372549
0.22352941176470587
0.2901960784313725
0.3568627450980392
0.5019607843137255
0.4666666666666667
0.3764705882352941
0.39215686274509803
0.396078431372549
0.26666666666666666
0.023529411764705882
0.00392156862745098
0.5568627450980392
0.6000000000000001
0.6078431372549019
0.40784313725490196
0.33725490196078434
0.47058823529411764
0.4901960784313726
0.34509803921568627
0.0784313725490196
0.023529411764705882
0.0
0.3254901960784314
0.5803921568627451
0.5058823529411764
0.5686274509803921
0.7019607843137254
0.6352941176470588
0.4117647058823529
0.24313725490196075
0.23529411764705882
0.20784313725490194
0.21176470588235294
0.2823529411764706
0.29411764705882354
0.38431372549019605
0.43529411764705883
0.4156862745098039
0.3607843137254902
0.3333333333333333
0.3803921568627451
0.1568627450980392
0.0196078431372549
0.6509803921568628
0.6431372549019608
0.6352941176470588
0.4823529411764706
0.28627450980392155
0.43529411764705883
0.49019607843137253
0.28627450980392155
0.0980392156862745
0.08235294117647059
0.0
0.21568627450980393
0.5803921568627451
0.5333333333333333
0.6313725490196078
0.7058823529411765
0.5450980392156863
0.3372549019607843
0.2196078431372549
0.23137254901960785
0.20784313725490194
0.2
0.27450980392156865
0.2784313725490196
0.2823529411764706
0.3058823529411765
0.33725490196078434
0.29411764705882354
0.2588235294117647
0.32941176470588235
0.34901960784313724
0.19607843137254902
0.6705882352941177
0.6666666666666666
0.5882352941176471
0.5215686274509804
0.43137254901960786
0.42745098039215684
0.5137254901960784
0.2392156862745098
0.16078431372549018
0.11764705882352941
0.0
0.13725490196078433
0.5568627450980392
0.5333333333333333
0.6470588235294118
0.6549019607843138
0.49411764705882355
0.26666666666666666
0.21176470588235294
0.18823529411764706
0.17254901960784313
0.18823529411764706
0.23529411764705882
0.2588235294117647
0.27058823529411763
0.28627450980392155
0.30980392156862746
0.2980392156862745
0.2823529411764706
0.2823529411764706
0.3333333333333333
0.3176470588235294
0.7019607843137254
0.6784313725490196
0.5254901960784314
0.4627450980392157
0.5058823529411764
0.46274509803921565
0.46274509803921565
0.3254901960784314
0.2588235294117647
0.1215686274509804
0.01568627450980392
0.12156862745098039
0.5294117647058824
0.5607843137254902
0.6431372549019608
0.615686274509804
0.45098039215686275
0.24313725490196078
0.19607843137254902
0.18823529411764706
0.18823529411764706
0.19607843137254902
0.27450980392156865
0.26666666666666666
0.24705882352941178
0.2901960784313725
0.29411764705882354
0.2784313725490196
0.2784313725490196
0.28627450980392155
0.3058823529411765
0.28627450980392155
0.6039215686274509
0.5568627450980392
0.4588235294117647
0.4392156862745098
0.5176470588235295
0.4235294117647059
0.3176470588235294
0.5254901960784314
0.5411764705882353
0.1803921568627451
0.06274509803921569
0.11372549019607843
0.4745098039215686
0.596078431372549
0.596078431372549
0.6431372549019608
0.4
0.21568627450980393
0.20392156862745098
0.21568627450980393
0.2588235294117647
0.22352941176470587
0.2588235294117647
0.29411764705882354
0.2549019607843137
0.26666666666666666
0.23137254901960785
0.2196078431372549
0.1568627450980392
0.14901960784313725
0.16470588235294117
0.10588235294117648
0.49411764705882355
0.3529411764705882
0.3686274509803922
0.43529411764705883
0.4745098039215686
0.5568627450980392
0.43137254901960786
0.34509803921568627
0.48235294117647054
0.2588235294117647
0.054901960784313725
0.15294117647058825
0.4588235294117647
0.6470588235294118
0.6039215686274509
0.6980392156862745
0.3568627450980392
0.22745098039215686
0.2392156862745098
0.2588235294117647
0.23529411764705882
0.2392156862745098
0.21568627450980393
0.2392156862745098
0.27058823529411763
0.2196078431372549
0.16862745098039217
0.14901960784313725
0.16078431372549018
0.18823529411764706
0.1764705882352941
0.30980392156862746
0.42745098039215684
0.38823529411764707
0.38823529411764707
0.4117647058823529
0.44705882352941173
0.5333333333333333
0.5529411764705883
0.47058823529411764
0.3137254901960784
0.2588235294117647
0.0784313725490196
0.21568627450980393
0.47058823529411764
0.6196078431372549
0.592156862745098
0.6352941176470588
0.37254901960784315
0.2823529411764706
0.29411764705882354
0.27450980392156865
0.24705882352941178
0.21176470588235294
0.16470588235294117
0.1411764705882353
0.16862745098039217
0.19607843137254902
0.20392156862745098
0.2627450980392157
0.38431372549019605
0.5176470588235293
0.5647058823529412
0.6078431372549019
0.4196078431372549
0.42745098039215684
0.3803921568627451
0.45098039215686275
0.38431372549019605
0.36470588235294116
0.5254901960784314
0.5803921568627451
0.5137254901960784
0.3333333333333333
0.19607843137254902
0.20784313725490194
0.4392156862745098
0.6274509803921569
0.5882352941176471
0.5254901960784314
0.2901960784313725
0.23137254901960785
0.21568627450980393
0.19215686274509802
0.19215686274509802
0.20392156862745098
0.2392156862745098
0.29411764705882354
0.34509803921568627
0.43137254901960786
0.5372549019607843
0.6313725490196078
0.6784313725490196
0.6235294117647059
0.6196078431372549
0.6117647058823529
0.4235294117647059
0.42745098039215684
0.38431372549019605
0.37254901960784315
0.34901960784313724
0.3568627450980392
0.5490196078431372
0.615686274509804
0.5686274509803921
0.5019607843137255
0.3137254901960784
0.1764705882352941
0.37254901960784315
0.6509803921568628
0.6549019607843136
0.45098039215686275
0.403921568627451
0.4117647058823529
0.34509803921568627
0.3607843137254902
0.39215686274509803
0.39999999999999997
0.4627450980392157
0.5450980392156862
0.6745098039215686
0.6862745098039216
0.6039215686274509
0.6941176470588235
0.6941176470588235
0.6862745098039216
0.6823529411764706
0.615686274509804
0.4392156862745098
0.4392156862745098
0.3686274509803922
0.3176470588235294
0.34509803921568627
0.44313725490196076
0.5411764705882353
0.5137254901960784
0.5372549019607843
0.5529411764705883
0.4862745098039215
0.2627450980392157
0.403921568627451
0.6196078431372549
0.6431372549019608
0.5764705882352941
0.4784313725490196
0.596078431372549
0.5803921568627451
0.5764705882352941
0.6235294117647059
0.6470588235294118
0.7137254901960784
0.7098039215686275
0.7058823529411765
0.6980392156862745
0.6901960784313725
0.6941176470588235
0.6901960784313725
0.6274509803921569
0.6941176470588235
0.6274509803921569
0.5098039215686274
0.5176470588235295
0.4235294117647059
0.2823529411764706
0.28627450980392155
0.44313725490196076
0.5215686274509803
0.5294117647058822
0.5098039215686274
0.5372549019607843
0.5686274509803921
0.5019607843137255
0.5490196078431372
0.6078431372549019
0.6078431372549018
0.6745098039215686
0.5254901960784314
0.4745098039215686
0.6549019607843137
0.7058823529411765
0.6313725490196078
0.6470588235294118
0.6509803921568628
0.6627450980392158
0.6941176470588235
0.7058823529411765
0.6705882352941175
0.7019607843137254
0.7019607843137254
0.6980392156862745
0.6941176470588235
0.6313725490196078
0.6470588235294118
0.6588235294117647
0.4666666666666667
0.18823529411764706
0.14509803921568626
0.3686274509803922
0.5058823529411764
0.5215686274509803
0.5411764705882353
0.5764705882352941
0.6078431372549019
0.5607843137254902
0.6392156862745098
0.5764705882352941
0.596078431372549
0.6509803921568628
0.6627450980392157
0.5019607843137255
0.43529411764705883
0.6745098039215686
0.6470588235294118
0.6392156862745098
0.6549019607843137
0.6823529411764706
0.7137254901960784
0.7137254901960784
0.7098039215686275
0.7058823529411765
0.7058823529411765
0.7019607843137254
0.7019607843137254
0.6980392156862745
0.6862745098039216
0.7137254901960784
0.6235294117647059
0.21568627450980393
0.09019607843137255
0.2823529411764706
0.40784313725490196
0.5254901960784314
0.5215686274509803
0.5450980392156862
0.5803921568627451
0.6039215686274509
0.6431372549019608
0.6
0.5529411764705883
0.615686274509804
0.6666666666666666
0.6470588235294118
0.34509803921568627
0.45098039215686275
0.7058823529411765
0.6392156862745098
0.6980392156862745
0.7176470588235294
0.6784313725490196
0.7215686274509804
0.7176470588235294
0.7137254901960784
0.7098039215686275
0.7098039215686275
0.7058823529411765
0.6392156862745098
0.7019607843137254
0.7215686274509804
0.7176470588235294
0.5254901960784314
0.19607843137254902
0.30196078431372547
0.33725490196078434
0.44313725490196076
0.5215686274509803
0.5176470588235293
0.5411764705882353
0.5137254901960784
0.6117647058823529
0.6039215686274509
0.5607843137254902
0.5764705882352941
0.6
0.6980392156862745
0.6117647058823529
0.2431372549019608
0.42745098039215684
0.6431372549019608
0.6980392156862745
0.7019607843137254
0.6745098039215687
0.6941176470588235
0.7176470588235294
0.7176470588235293
0.7176470588235294
0.7137254901960784
0.7098039215686275
0.7058823529411765
0.7176470588235294
0.7176470588235294
0.7215686274509804
0.7333333333333333
0.44705882352941173
0.21176470588235294
0.3333333333333333
0.30980392156862746
0.4588235294117647
0.5058823529411764
0.5137254901960784
0.5411764705882353
0.5607843137254902
0.5882352941176471
0.6
0.5803921568627451
0.6117647058823529
0.6392156862745098
0.7254901960784313
0.5882352941176471
0.2392156862745098
0.44705882352941173
0.6941176470588235
0.6509803921568628
0.6980392156862745
0.7137254901960784
0.7215686274509804
0.7215686274509804
0.7176470588235294
0.7137254901960784
0.7098039215686275
0.7058823529411765
0.7176470588235294
0.7098039215686275
0.6980392156862745
0.7098039215686275
0.6078431372549019
0.13333333333333333
0.2549019607843137
0.3254901960784314
0.3411764705882353
0.4627450980392157
0.49019607843137253
0.5098039215686274
0.5137254901960784
0.5529411764705883
0.6039215686274509
0.6078431372549019
0.6039215686274509
0.6431372549019607
0.7058823529411765
0.7411764705882353
0.5607843137254902
0.2627450980392157
0.4666666666666667
0.6705882352941176
0.7176470588235294
0.6980392156862745
0.7098039215686275
0.7215686274509804
0.7215686274509804
0.7137254901960784
0.7137254901960784
0.7098039215686275
0.6745098039215687
0.7019607843137254
0.7058823529411765
0.6980392156862745
0.6745098039215686
0.33725490196078434
0.11372549019607842
0.32941176470588235
0.2980392156862745
0.34509803921568627
0.4588235294117647
0.5019607843137255
0.44705882352941173
0.47058823529411764
0.5843137254901961
0.6235294117647059
0.6274509803921569
0.6666666666666666
0.7137254901960783
0.7137254901960783
0.7333333333333333
0.4862745098039215
0.21176470588235294
0.4627450980392157
0.7019607843137254
0.7176470588235294
0.6941176470588235
0.7019607843137254
0.7176470588235294
0.7176470588235294
0.7137254901960784
0.7137254901960784
0.6666666666666666
0.7294117647058823
0.6823529411764706
0.6980392156862745
0.7176470588235294
0.5882352941176471
0.16078431372549018
0.13333333333333333
0.3333333333333333
0.33725490196078434
0.3568627450980392
0.49019607843137253
0.4666666666666667
0.4627450980392157
0.5529411764705883
0.6078431372549019
0.6431372549019608
0.6470588235294118
0.6470588235294118
0.7058823529411765
0.6941176470588235
0.6784313725490196
0.4156862745098039
0.22745098039215683
0.4745098039215686
0.7333333333333333
0.6745098039215687
0.6980392156862745
0.6941176470588235
0.7098039215686274
0.7176470588235293
0.7137254901960784
0.7254901960784313
0.7254901960784312
0.7176470588235294
0.6980392156862745
0.6941176470588235
0.6941176470588235
0.4392156862745098
0.06666666666666667
0.19607843137254902
0.37254901960784315
0.3333333333333333
0.396078431372549
0.48627450980392156
0.4784313725490196
0.5137254901960784
0.5764705882352941
0.6313725490196078
0.6627450980392157
0.6470588235294118
0.6745098039215686
0.6901960784313725
0.6901960784313725
0.7019607843137254
0.3607843137254902
0.18823529411764706
0.5019607843137255
0.7450980392156863
0.7294117647058823
0.7058823529411765
0.6784313725490196
0.7098039215686275
0.7176470588235294
0.7098039215686275
0.7254901960784313
0.7215686274509804
0.7098039215686275
0.6941176470588235
0.6980392156862745
0.6509803921568628
0.27058823529411763
0.0784313725490196
0.2549019607843137
0.4235294117647059
0.38431372549019605
0.47058823529411764
0.4823529411764706
0.5098039215686274
0.5647058823529412
0.6117647058823529
0.6352941176470588
0.6549019607843138
0.6823529411764706
0.6941176470588235
0.7450980392156863
0.7764705882352941
0.6392156862745098
0.3607843137254902
0.2823529411764706
0.5333333333333333
0.6666666666666666
0.7137254901960784
0.7098039215686275
0.6862745098039216
0.7098039215686275
0.6941176470588235
0.7098039215686275
0.7137254901960784
0.7098039215686275
0.7058823529411765
0.6941176470588235
0.6470588235294118
0.5568627450980392
0.1764705882352941
0.12549019607843137
0.34901960784313724
0.47058823529411764
0.4627450980392157
0.47058823529411764
0.5058823529411764
0.5686274509803921
0.5803921568627451
0.6274509803921569
0.6823529411764706
0.6784313725490196
0.6745098039215686
0.7137254901960784
0.7568627450980392
0.7215686274509804
0.6196078431372549
0.5372549019607843
0.4
0.37254901960784315
0.3686274509803922
0.49019607843137253
0.4588235294117647
0.4823529411764706
0.32941176470588235
0.17254901960784313
0.24313725490196078
0.33725490196078434
0.32941176470588235
0.2
0.16078431372549018
0.14509803921568626
0.20392156862745098
0.596078431372549
0.6901960784313725
0.6588235294117647
0.7137254901960784
0.7294117647058823
0.7333333333333333
0.7215686274509804
0.7058823529411765
0.6862745098039216
0.6862745098039216
0.788235294117647
0.8431372549019608
0.7647058823529411
0.8313725490196079
0.8705882352941177
0.792156862745098
0.7294117647058823
0.7333333333333333
0.7215686274509804
0.7058823529411765
0.7058823529411765
0.7137254901960784
0.615686274509804
0.403921568627451
0.1843137254901961
0.23529411764705882
0.30980392156862746
0.34509803921568627
0.2392156862745098
0.3411764705882353
0.2823529411764706
0.30196078431372547
0.33725490196078434
0.3803921568627451
0.4392156862745098
0.5725490196078431
0.6509803921568628
0.6862745098039216
0.6862745098039216
0.6745098039215686
0.6588235294117647
0.6745098039215686
0.7568627450980392
0.7843137254901961
0.8392156862745098
0.8862745098039215
0.8784313725490196
0.7843137254901961
0.7137254901960784
0.7137254901960784
0.6862745098039216
0.6431372549019608
0.6784313725490196
0.6627450980392157
0.5607843137254902
0.38823529411764707
0.38431372549019605
0.3058823529411765
0.34509803921568627
0.32941176470588235
0.2627450980392157
0.34901960784313724
0.4235294117647059
0.29411764705882354
0.1215686274509804
0.13725490196078433
0.23529411764705882
0.396078431372549
0.5686274509803921
0.6313725490196078
0.6313725490196078
0.6901960784313725
0.7058823529411764
0.7058823529411765
0.7411764705882353
0.7098039215686276
0.7529411764705882
0.7294117647058824
0.7137254901960786
0.6509803921568628
0.6313725490196078
0.6431372549019608
0.5647058823529412
0.5254901960784314
0.5294117647058824
0.5411764705882354
0.5372549019607843
0.4666666666666667
0.5568627450980392
0.4
0.34901960784313724
0.2823529411764706
0.2627450980392157
0.25098039215686274
0.30980392156862746
0.3058823529411765
0.2196078431372549
0.2901960784313725
0.4
0.4784313725490196
0.5019607843137255
0.4980392156862745
0.5098039215686274
0.5333333333333333
0.5882352941176471
0.6862745098039216
0.7686274509803922
0.7999999999999999
0.7333333333333333
0.6392156862745098
0.48627450980392156
0.44705882352941173
0.48627450980392156
0.4784313725490196
0.403921568627451
0.4784313725490196
0.38823529411764707
0.3686274509803922
0.4627450980392157
0.7019607843137254
0.7215686274509804
0.396078431372549
0.2196078431372549
0.21176470588235294
0.25098039215686274
0.2627450980392157
0.32941176470588235
0.4784313725490196
0.5568627450980392
0.6196078431372549
0.6196078431372549
0.6509803921568628
0.6588235294117648
0.6627450980392158
0.7058823529411764
0.6078431372549019
0.6509803921568628
0.6901960784313725
0.6941176470588235
0.7333333333333333
0.6274509803921569
0.4823529411764706
0.32156862745098036
0.21176470588235294
0.34901960784313724
0.36470588235294116
0.33725490196078434
0.5058823529411764
0.3803921568627451
0.33725490196078434
0.3686274509803922
0.7215686274509804
0.6078431372549019
0.32941176470588235
0.19607843137254902
0.2588235294117647
0.38823529411764707
0.49411764705882355
0.6392156862745098
0.7098039215686275
0.7725490196078432
0.7568627450980392
0.7372549019607842
0.7333333333333333
0.7647058823529411
0.7725490196078432
0.7686274509803922
0.7450980392156863
0.6509803921568628
0.6039215686274509
0.592156862745098
0.5490196078431372
0.43529411764705883
0.396078431372549
0.3568627450980392
0.33725490196078434
0.39215686274509803
0.37254901960784315
0.4117647058823529
0.5529411764705883
0.47843137254901963
0.36470588235294116
0.2392156862745098
0.24313725490196078
0.33725490196078434
0.22745098039215683
0.22745098039215683
0.3176470588235294
0.26666666666666666
0.29411764705882354
0.6196078431372549
0.6823529411764706
0.7647058823529411
0.7725490196078432
0.7607843137254902
0.7647058823529411
0.7490196078431373
0.6941176470588235
0.5686274509803921
0.5725490196078431
0.6392156862745098
0.6588235294117646
0.596078431372549
0.3803921568627451
0.4156862745098039
0.4588235294117647
0.4784313725490196
0.4745098039215686
0.580392156862745
0.4117647058823529
0.3803921568627451
0.4235294117647059
0.4588235294117647
0.29411764705882354
0.11372549019607842
0.14901960784313725
0.19607843137254902
0.1215686274509804
0.3333333333333333
0.3137254901960784
0.13333333333333333
0.24705882352941178
0.32941176470588235
0.12549019607843137
0.30980392156862746
0.6705882352941176
0.7215686274509804
0.615686274509804
0.6313725490196078
0.5215686274509803
0.5019607843137255
0.6470588235294118
0.7294117647058823
0.6980392156862745
0.40784313725490196
0.2901960784313725
0.3058823529411765
0.34901960784313724
0.4196078431372549
0.4980392156862745
0.6
0.6941176470588235
0.6039215686274509
0.38823529411764707
0.21568627450980393
0.09019607843137255
0.06274509803921569
0.10588235294117648
0.09019607843137255
0.22352941176470587
0.43137254901960786
0.2980392156862745
0.22745098039215686
0.36470588235294116
0.3607843137254902
0.1568627450980392
0.08235294117647059
0.29411764705882354
0.6078431372549019
0.5882352941176471
0.5843137254901961
0.5450980392156862
0.5725490196078431
0.6980392156862745
0.7176470588235295
0.5098039215686274
0.34901960784313724
0.3176470588235294
0.32941176470588235
0.34509803921568627
0.3803921568627451
0.5764705882352941
0.5176470588235296
0.5254901960784313
0.7058823529411765
0.6039215686274509
0.11764705882352941
0.08627450980392157
0.050980392156862744
0.23137254901960785
0.2823529411764706
0.4
0.5019607843137255
0.3411764705882353
0.30980392156862746
0.4235294117647059
0.4745098039215686
0.14901960784313725
0.08627450980392157
0.13333333333333333
0.5529411764705883
0.5843137254901961
0.47058823529411764
0.5019607843137255
0.6431372549019609
0.7333333333333334
0.596078431372549
0.37254901960784315
0.32156862745098036
0.30980392156862746
0.30980392156862746
0.3411764705882353
0.4862745098039215
0.596078431372549
0.5686274509803921
0.47058823529411764
0.5215686274509803
0.5098039215686274
0.24313725490196078
0.03137254901960784
0.03137254901960784
0.4588235294117647
0.4627450980392157
0.5098039215686274
0.47058823529411764
0.4196078431372549
0.4549019607843137
0.5176470588235293
0.44313725490196076
0.13725490196078433
0.08235294117647059
0.08235294117647059
0.47058823529411764
0.615686274509804
0.44705882352941173
0.5490196078431372
0.6901960784313725
0.6823529411764708
0.4862745098039215
0.3411764705882353
0.2980392156862745
0.26666666666666666
0.2784313725490196
0.30980392156862746
0.3803921568627451
0.4980392156862745
0.5372549019607844
0.5058823529411764
0.4627450980392157
0.5058823529411764
0.30980392156862746
0.03137254901960784
0.00784313725490196
0.5607843137254902
0.5647058823529412
0.6039215686274508
0.4235294117647059
0.3411764705882353
0.5058823529411764
0.5176470588235295
0.34901960784313724
0.10980392156862745
0.07450980392156863
0.023529411764705882
0.37254901960784315
0.6470588235294118
0.5058823529411764
0.5921568627450979
0.6980392156862745
0.6352941176470588
0.40784313725490196
0.28627450980392155
0.2823529411764706
0.2627450980392157
0.24705882352941178
0.3058823529411765
0.32156862745098036
0.39999999999999997
0.4823529411764706
0.4745098039215686
0.4549019607843137
0.4666666666666667
0.48627450980392156
0.2
0.0196078431372549
0.5647058823529412
0.5843137254901961
0.5882352941176471
0.4745098039215686
0.3058823529411765
0.47058823529411764
0.5098039215686274
0.2901960784313725
0.1411764705882353
0.11372549019607842
0.07450980392156863
0.2549019607843137
0.6470588235294118
0.5098039215686276
0.6666666666666665
0.6980392156862745
0.5607843137254902
0.3333333333333333
0.24705882352941178
0.24705882352941178
0.2392156862745098
0.23529411764705882
0.29411764705882354
0.30980392156862746
0.32156862745098036
0.403921568627451
0.42745098039215684
0.4117647058823529
0.40784313725490196
0.4823529411764706
0.44313725490196076
0.2196078431372549
0.5921568627450979
0.6039215686274509
0.5450980392156862
0.5882352941176471
0.4745098039215686
0.5254901960784314
0.5411764705882351
0.2392156862745098
0.21568627450980393
0.16862745098039217
0.0784313725490196
0.10588235294117648
0.6196078431372549
0.5647058823529412
0.6509803921568628
0.6470588235294119
0.5019607843137255
0.2784313725490196
0.22352941176470587
0.2
0.2
0.22352941176470587
0.2627450980392157
0.29411764705882354
0.3137254901960784
0.32941176470588235
0.4117647058823529
0.4235294117647059
0.4117647058823529
0.43137254901960786
0.4745098039215686
0.38431372549019605
0.6313725490196078
0.6000000000000001
0.5058823529411764
0.5254901960784314
0.5686274509803921
0.5294117647058825
0.5137254901960784
0.32941176470588235
0.3058823529411765
0.1843137254901961
0.047058823529411764
0.09019607843137255
0.5882352941176471
0.6078431372549018
0.6392156862745098
0.603921568627451
0.43529411764705883
0.30196078431372547
0.2196078431372549
0.2
0.2196078431372549
0.21568627450980393
0.3058823529411765
0.30196078431372547
0.29411764705882354
0.3333333333333333
0.34509803921568627
0.3411764705882353
0.4
0.4196078431372549
0.4549019607843137
0.4235294117647059
0.5411764705882353
0.5019607843137255
0.47058823529411764
0.4745098039215686
0.5764705882352941
0.4745098039215686
0.3529411764705882
0.5490196078431372
0.5764705882352941
0.1803921568627451
0.08235294117647059
0.08235294117647059
0.5333333333333333
0.6078431372549018
0.6117647058823529
0.6235294117647059
0.4196078431372549
0.2784313725490196
0.21568627450980393
0.23137254901960785
0.2784313725490196
0.23137254901960785
0.27058823529411763
0.3254901960784314
0.29411764705882354
0.3176470588235294
0.33725490196078434
0.23137254901960785
0.2
0.2
0.2549019607843137
0.24313725490196075
0.44313725490196076
0.3686274509803922
0.38823529411764707
0.44313725490196076
0.5215686274509804
0.6274509803921569
0.4823529411764706
0.4
0.5254901960784314
0.2549019607843137
0.11372549019607843
0.1843137254901961
0.5176470588235295
0.6313725490196078
0.6313725490196078
0.6745098039215686
0.38431372549019605
0.30196078431372547
0.26666666666666666
0.2627450980392157
0.26666666666666666
0.2549019607843137
0.22352941176470587
0.26666666666666666
0.3058823529411765
0.2901960784313725
0.20392156862745098
0.19215686274509802
0.23529411764705882
0.27058823529411763
0.2392156862745098
0.37254901960784315
0.3764705882352941
0.3568627450980392
0.39215686274509803
0.49019607843137253
0.48235294117647054
0.615686274509804
0.6274509803921569
0.5294117647058824
0.3607843137254902
0.30196078431372547
0.10196078431372549
0.23137254901960785
0.5254901960784314
0.6666666666666666
0.6235294117647059
0.6313725490196078
0.40784313725490196
0.3137254901960784
0.29411764705882354
0.2784313725490196
0.2549019607843137
0.2549019607843137
0.22745098039215686
0.20784313725490194
0.23137254901960785
0.24705882352941178
0.2627450980392157
0.32941176470588235
0.4666666666666667
0.615686274509804
0.6627450980392157
0.7215686274509804
0.43529411764705883
0.41568627450980394
0.3686274509803922
0.4745098039215686
0.40784313725490196
0.4235294117647059
0.596078431372549
0.6470588235294118
0.5058823529411764
0.3686274509803922
0.24705882352941178
0.24313725490196078
0.4980392156862745
0.6705882352941176
0.6117647058823529
0.5529411764705883
0.34509803921568627
0.2980392156862745
0.2823529411764706
0.2588235294117647
0.2588235294117647
0.2784313725490196
0.24705882352941178
0.29411764705882354
0.34509803921568627
0.5098039215686274
0.6235294117647059
0.7215686274509804
0.7803921568627451
0.792156862745098
0.788235294117647
0.788235294117647
0.3607843137254902
0.396078431372549
0.3607843137254902
0.38823529411764707
0.36470588235294116
0.4
0.588235294117647
0.6196078431372549
0.6431372549019608
0.5490196078431372
0.34901960784313724
0.20784313725490194
0.43137254901960786
0.7019607843137254
0.6705882352941177
0.5019607843137255
0.40784313725490196
0.49019607843137253
0.36470588235294116
0.3803921568627451
0.4117647058823529
0.47058823529411764
0.5450980392156862
0.6313725490196078
0.7686274509803922
0.7803921568627451
0.7607843137254902
0.792156862745098
0.7999999999999999
0.792156862745098
0.7764705882352941
0.7764705882352941
0.3568627450980392
0.3686274509803922
0.3686274509803922
0.3176470588235294
0.34509803921568627
0.4627450980392157
0.5647058823529412
0.5803921568627453
0.6078431372549019
0.6313725490196078
0.5450980392156862
0.30196078431372547
0.4588235294117647
0.6823529411764706
0.7098039215686275
0.6352941176470588
0.5333333333333333
0.6705882352941176
0.6666666666666666
0.6666666666666666
0.7137254901960784
0.7450980392156863
0.8117647058823529
0.803921568627451
0.807843137254902
0.796078431372549
0.788235294117647
0.788235294117647
0.788235294117647
0.788235294117647
0.7843137254901961
0.7843137254901961
0.4980392156862745
0.44313725490196076
0.3803921568627451
0.2823529411764706
0.30980392156862746
0.4588235294117647
0.5372549019607843
0.5686274509803921
0.5607843137254902
0.615686274509804
0.6352941176470588
0.5607843137254902
0.5764705882352941
0.6627450980392156
0.6431372549019608
0.7411764705882353
0.5843137254901961
0.5254901960784314
0.7333333333333333
0.7372549019607842
0.7294117647058823
0.803921568627451
0.8117647058823529
0.807843137254902
0.803921568627451
0.7999999999999999
0.7999999999999999
0.796078431372549
0.796078431372549
0.792156862745098
0.788235294117647
0.788235294117647
0.5803921568627451
0.5803921568627451
0.4117647058823529
0.1843137254901961
0.21568627450980393
0.4
0.5176470588235293
0.5333333333333333
0.5529411764705883
0.580392156862745
0.6117647058823529
0.6352941176470588
0.6470588235294118
0.6235294117647059
0.6196078431372549
0.7176470588235294
0.7333333333333333
0.48235294117647054
0.4862745098039215
0.7490196078431373
0.803921568627451
0.7999999999999999
0.8156862745098039
0.803921568627451
0.803921568627451
0.803921568627451
0.7999999999999999
0.7999999999999999
0.796078431372549
0.792156862745098
0.792156862745098
0.788235294117647
0.615686274509804
0.6352941176470588
0.5529411764705883
0.2196078431372549
0.08235294117647059
0.2823529411764706
0.43137254901960786
0.5372549019607843
0.5372549019607843
0.5764705882352941
0.5960784313725489
0.6235294117647059
0.6588235294117647
0.5960784313725491
0.6039215686274509
0.6588235294117648
0.7450980392156863
0.7098039215686275
0.3803921568627451
0.5019607843137255
0.7803921568627451
0.7294117647058823
0.7999999999999999
0.807843137254902
0.8117647058823529
0.807843137254902
0.803921568627451
0.7999999999999999
0.796078431372549
0.796078431372549
0.792156862745098
0.788235294117647
0.6352941176470588
0.6431372549019608
0.6274509803921569
0.44313725490196076
0.1568627450980392
0.27450980392156865
0.34509803921568627
0.4666666666666667
0.5294117647058824
0.5372549019607843
0.5686274509803921
0.6235294117647057
0.615686274509804
0.6196078431372549
0.6196078431372547
0.6352941176470588
0.7098039215686276
0.7843137254901961
0.6666666666666666
0.26666666666666666
0.4784313725490196
0.6980392156862745
0.7843137254901961
0.807843137254902
0.8117647058823529
0.8117647058823529
0.8117647058823529
0.807843137254902
0.803921568627451
0.7999999999999999
0.796078431372549
0.792156862745098
0.6470588235294118
0.6431372549019608
0.6392156862745098
0.6392156862745098
0.3686274509803922
0.2
0.30980392156862746
0.3254901960784314
0.47058823529411764
0.5254901960784314
0.5450980392156862
0.5764705882352941
0.6
0.596078431372549
0.603921568627451
0.6352941176470588
0.6901960784313725
0.7215686274509805
0.796078431372549
0.6235294117647059
0.2588235294117647
0.49411764705882355
0.7725490196078432
0.807843137254902
0.792156862745098
0.803921568627451
0.807843137254902
0.807843137254902
0.803921568627451
0.7999999999999999
0.796078431372549
0.796078431372549
0.6509803921568628
0.6392156862745098
0.6274509803921569
0.6352941176470588
0.5215686274509803
0.19607843137254902
0.24705882352941178
0.30980392156862746
0.36470588235294116
0.49019607843137253
0.5215686274509803
0.5450980392156862
0.5333333333333332
0.5529411764705883
0.6352941176470588
0.6823529411764706
0.6745098039215686
0.7490196078431373
0.7647058823529411
0.7999999999999999
0.596078431372549
0.2784313725490196
0.5254901960784314
0.7529411764705882
0.803921568627451
0.792156862745098
0.7999999999999999
0.803921568627451
0.803921568627451
0.803921568627451
0.803921568627451
0.7999999999999999
0.6549019607843137
0.6470588235294118
0.6352941176470588
0.6274509803921569
0.596078431372549
0.30196078431372547
0.13333333333333333
0.3137254901960784
0.32156862745098036
0.37254901960784315
0.4823529411764706
0.5254901960784314
0.4549019607843137
0.49019607843137253
0.5882352941176471
0.7019607843137254
0.7019607843137254
0.7294117647058822
0.7294117647058824
0.7568627450980392
0.7843137254901961
0.5019607843137255
0.23137254901960785
0.5137254901960784
0.7882352941176471
0.807843137254902
0.792156862745098
0.796078431372549
0.7999999999999999
0.803921568627451
0.803921568627451
0.803921568627451
0.6627450980392157
0.6549019607843137
0.6431372549019608
0.6274509803921569
0.6392156862745098
0.5098039215686274
0.19215686274509802
0.14901960784313725
0.3137254901960784
0.32941176470588235
0.3686274509803922
0.5019607843137255
0.45098039215686275
0.4627450980392157
0.6
0.6784313725490196
0.7294117647058822
0.7098039215686275
0.7058823529411765
0.7411764705882353
0.7647058823529411
0.7215686274509804
0.42745098039215684
0.2431372549019608
0.5254901960784314
0.7843137254901962
0.803921568627451
0.7803921568627451
0.7803921568627451
0.796078431372549
0.803921568627451
0.803921568627451
0.6549019607843137
0.6549019607843137
0.6470588235294118
0.6274509803921569
0.6196078431372549
0.6196078431372549
0.39215686274509803
0.08235294117647059
0.2
0.34509803921568627
0.32156862745098036
0.40784313725490196
0.4745098039215686
0.47058823529411764
0.5490196078431372
0.6392156862745098
0.7137254901960784
0.7411764705882351
0.7058823529411765
0.7137254901960786
0.7764705882352941
0.7450980392156863
0.7372549019607842
0.36470588235294116
0.20392156862745098
0.5411764705882353
0.8235294117647058
0.8156862745098039
0.796078431372549
0.7803921568627451
0.796078431372549
0.803921568627451
0.6431372549019608
0.6549019607843137
0.6549019607843137
0.6392156862745098
0.6274509803921569
0.6274509803921569
0.5764705882352941
0.24705882352941178
0.09411764705882353
0.2431372549019608
0.396078431372549
0.38431372549019605
0.47058823529411764
0.4666666666666667
0.5372549019607843
0.615686274509804
0.6823529411764706
0.7215686274509805
0.7372549019607844
0.7568627450980392
0.7607843137254902
0.803921568627451
0.8313725490196079
0.6666666666666666
0.3607843137254902
0.3058823529411765
0.5372549019607844
0.7372549019607842
0.7999999999999999
0.7999999999999999
0.792156862745098
0.803921568627451
0.6392156862745098
0.6509803921568628
0.6470588235294118
0.6470588235294118
0.6352941176470588
0.6313725490196078
0.6352941176470588
0.4784313725490196
0.1568627450980392
0.13333333333333333
0.3411764705882353
0.45098039215686275
0.4549019607843137
0.44705882352941173
0.5176470588235293
0.615686274509804
0.6431372549019608
0.7137254901960784
0.7686274509803922
0.7607843137254902
0.7607843137254902
0.7803921568627451
0.8235294117647058
0.7764705882352941
0.6431372549019608
0.5490196078431372
0.4196078431372549
0.3333333333333333
0.4
0.5568627450980392
0.5803921568627451
0.615686274509804
