0.5686274509803921
0.5725490196078431
0.5803921568627451
0.5803921568627451
0.5803921568627451
0.5764705882352941
0.5686274509803921
0.5803921568627451
0.592156862745098
0.5803921568627451
0.5764705882352941
0.5803921568627451
0.5803921568627451
0.5882352941176471
0.592156862745098
0.592156862745098
0.5882352941176471
0.5843137254901961
0.5843137254901961
0.592156862745098
0.596078431372549
0.592156862745098
0.5882352941176471
0.5882352941176471
0.592156862745098
0.592156862745098
0.596078431372549
0.6039215686274509
0.6078431372549019
0.6039215686274509
0.6078431372549019
0.6039215686274509
0.5764705882352941
0.5803921568627451
0.5843137254901961
0.5843137254901961
0.5882352941176471
0.5843137254901961
0.5764705882352941
0.5882352941176471
0.596078431372549
0.5882352941176471
0.5843137254901961
0.5764705882352941
0.5803921568627451
0.5882352941176471
0.592156862745098
0.5843137254901961
0.592156862745098
0.5843137254901961
0.592156862745098
0.592156862745098
0.596078431372549
0.6
0.6039215686274509
0.6
0.596078431372549
0.596078431372549
0.6
0.6078431372549019
0.6117647058823529
0.6078431372549019
0.6078431372549019
0.6117647058823529
0.5647058823529412
0.5647058823529412
0.5686274509803921
0.5686274509803921
0.5725490196078431
0.5725490196078431
0.5686274509803921
0.5803921568627451
0.5803921568627451
0.5803921568627451
0.5647058823529412
0.5686274509803921
0.5725490196078431
0.5686274509803921
0.5803921568627451
0.5764705882352941
0.5803921568627451
0.5803921568627451
0.5882352941176471
0.5764705882352941
0.5686274509803921
0.5764705882352941
0.5843137254901961
0.5843137254901961
0.5882352941176471
0.596078431372549
0.596078431372549
0.596078431372549
0.6
0.6
0.592156862745098
0.6
0.5764705882352941
0.5803921568627451
0.5882352941176471
0.5882352941176471
0.5803921568627451
0.5764705882352941
0.5764705882352941
0.5803921568627451
0.5803921568627451
0.5803921568627451
0.5607843137254902
0.5843137254901961
0.5764705882352941
0.5803921568627451
0.5843137254901961
0.5803921568627451
0.5803921568627451
0.5843137254901961
0.5764705882352941
0.5764705882352941
0.5764705882352941
0.5803921568627451
0.5803921568627451
0.5843137254901961
0.5882352941176471
0.5882352941176471
0.5882352941176471
0.5882352941176471
0.5882352941176471
0.596078431372549
0.592156862745098
0.592156862745098
0.5607843137254902
0.5607843137254902
0.5686274509803921
0.5686274509803921
0.5686274509803921
0.5686274509803921
0.5686274509803921
0.5725490196078431
0.5764705882352941
0.5647058823529412
0.5215686274509804
0.5725490196078431
0.5725490196078431
0.5764705882352941
0.5764705882352941
0.5803921568627451
0.5803921568627451
0.5803921568627451
0.5803921568627451
0.5803921568627451
0.5843137254901961
0.592156862745098
0.592156862745098
0.5882352941176471
0.5882352941176471
0.5882352941176471
0.5882352941176471
0.5882352941176471
0.5882352941176471
0.592156862745098
0.592156862745098
0.592156862745098
0.5450980392156862
0.5490196078431372
0.5490196078431372
0.5490196078431372
0.5568627450980392
0.5607843137254902
0.5607843137254902
0.5647058823529412
0.5647058823529412
0.5490196078431372
0.5372549019607842
0.5568627450980392
0.5647058823529412
0.5686274509803921
0.5686274509803921
0.5725490196078431
0.5764705882352941
0.5764705882352941
0.5725490196078431
0.5725490196078431
0.5764705882352941
0.5843137254901961
0.5843137254901961
0.5803921568627451
0.5803921568627451
0.5803921568627451
0.5882352941176471
0.5882352941176471
0.5882352941176471
0.5882352941176471
0.5882352941176471
0.5882352941176471
0.5529411764705883
0.5529411764705883
0.5490196078431372
0.5490196078431372
0.5490196078431372
0.5490196078431372
0.5529411764705883
0.5568627450980392
0.5607843137254902
0.5411764705882353
0.5254901960784313
0.5490196078431372
0.5529411764705883
0.5607843137254902
0.5607843137254902
0.5686274509803921
0.5725490196078431
0.5725490196078431
0.5764705882352941
0.5803921568627451
0.5764705882352941
0.5764705882352941
0.5764705882352941
0.5803921568627451
0.5803921568627451
0.5803921568627451
0.5882352941176471
0.5882352941176471
0.5882352941176471
0.5843137254901961
0.5843137254901961
0.5843137254901961
0.5450980392156862
0.5490196078431372
0.5450980392156862
0.5450980392156862
0.5490196078431372
0.5490196078431372
0.5490196078431372
0.5568627450980392
0.5529411764705883
0.5137254901960784
0.5137254901960784
0.5333333333333333
0.5529411764705883
0.5647058823529412
0.5764705882352941
0.5725490196078431
0.5725490196078431
0.5725490196078431
0.5764705882352941
0.5764705882352941
0.5764705882352941
0.5764705882352941
0.5764705882352941
0.5803921568627451
0.5803921568627451
0.5803921568627451
0.5843137254901961
0.5882352941176471
0.5882352941176471
0.592156862745098
0.592156862745098
0.592156862745098
0.5529411764705883
0.5607843137254902
0.5686274509803921
0.5686274509803921
0.5647058823529412
0.5607843137254902
0.5607843137254902
0.5568627450980392
0.5568627450980392
0.48235294117647054
0.44705882352941173
0.5411764705882353
0.5647058823529412
0.5803921568627451
0.5843137254901961
0.5843137254901961
0.5803921568627451
0.5803921568627451
0.5843137254901961
0.5843137254901961
0.5882352941176471
0.596078431372549
0.596078431372549
0.596078431372549
0.596078431372549
0.596078431372549
0.6
0.6
0.6039215686274509
0.6078431372549019
0.6078431372549019
0.6078431372549019
0.5568627450980392
0.5647058823529412
0.5686274509803921
0.5686274509803921
0.5568627450980392
0.5529411764705883
0.5529411764705883
0.5529411764705883
0.5254901960784314
0.4862745098039215
0.4470588235294118
0.5607843137254902
0.5529411764705883
0.5215686274509804
0.5843137254901961
0.5882352941176471
0.5843137254901961
0.5843137254901961
0.5882352941176471
0.5882352941176471
0.592156862745098
0.6
0.6039215686274509
0.6039215686274509
0.6039215686274509
0.6039215686274509
0.6078431372549019
0.6117647058823529
0.6117647058823529
0.615686274509804
0.615686274509804
0.615686274509804
0.5490196078431372
0.5568627450980392
0.5647058823529412
0.5647058823529412
0.5529411764705883
0.5411764705882353
0.5450980392156862
0.5254901960784314
0.3411764705882353
0.3529411764705882
0.396078431372549
0.5568627450980392
0.3607843137254902
0.29411764705882354
0.5803921568627453
0.592156862745098
0.5882352941176471
0.5882352941176471
0.596078431372549
0.596078431372549
0.596078431372549
0.596078431372549
0.596078431372549
0.596078431372549
0.596078431372549
0.596078431372549
0.6
0.6039215686274509
0.6039215686274509
0.6117647058823529
0.6117647058823529
0.6117647058823529
0.5450980392156862
0.5450980392156862
0.5529411764705883
0.5568627450980392
0.5490196078431372
0.5411764705882353
0.5490196078431372
0.47058823529411764
0.3058823529411765
0.2392156862745098
0.38823529411764707
0.5490196078431372
0.36470588235294116
0.2588235294117647
0.5647058823529412
0.5764705882352941
0.5843137254901961
0.6
0.596078431372549
0.592156862745098
0.596078431372549
0.596078431372549
0.596078431372549
0.596078431372549
0.6
0.6039215686274509
0.6
0.6
0.6
0.6078431372549019
0.6078431372549019
0.6078431372549019
0.5450980392156862
0.5450980392156862
0.5686274509803921
0.5529411764705883
0.5529411764705883
0.5568627450980392
0.5490196078431372
0.5215686274509804
0.2980392156862745
0.22352941176470587
0.2784313725490196
0.4196078431372549
0.2627450980392157
0.2823529411764706
0.5176470588235295
0.5372549019607844
0.592156862745098
0.5843137254901961
0.592156862745098
0.5882352941176471
0.596078431372549
0.596078431372549
0.596078431372549
0.596078431372549
0.6
0.6039215686274509
0.6039215686274509
0.6
0.6
0.6039215686274509
0.6039215686274509
0.6078431372549019
0.5450980392156862
0.5450980392156862
0.48235294117647054
0.48235294117647054
0.49411764705882355
0.5490196078431372
0.5882352941176471
0.3686274509803922
0.2
0.2196078431372549
0.22352941176470587
0.27450980392156865
0.1803921568627451
0.16862745098039217
0.4156862745098039
0.5490196078431372
0.5843137254901961
0.5843137254901961
0.5882352941176471
0.5843137254901961
0.592156862745098
0.596078431372549
0.596078431372549
0.596078431372549
0.6
0.6039215686274509
0.6
0.6
0.6
0.6
0.6
0.6
0.5490196078431372
0.5764705882352941
0.23137254901960785
0.16862745098039217
0.2196078431372549
0.3333333333333333
0.4627450980392157
0.2627450980392157
0.15294117647058825
0.16862745098039217
0.1568627450980392
0.2196078431372549
0.14901960784313725
0.058823529411764705
0.16078431372549018
0.4588235294117647
0.580392156862745
0.596078431372549
0.5843137254901961
0.5764705882352941
0.5882352941176471
0.596078431372549
0.596078431372549
0.596078431372549
0.596078431372549
0.6039215686274509
0.6
0.6
0.6
0.596078431372549
0.596078431372549
0.596078431372549
0.5372549019607843
0.5019607843137255
0.12156862745098039
0.09019607843137255
0.11372549019607843
0.11764705882352941
0.13333333333333333
0.14509803921568626
0.09019607843137256
0.14509803921568626
0.12549019607843137
0.13725490196078433
0.13725490196078433
0.09019607843137255
0.2549019607843137
0.21568627450980393
0.4745098039215686
0.596078431372549
0.5803921568627451
0.5843137254901961
0.5764705882352941
0.5764705882352941
0.5843137254901961
0.5882352941176471
0.5843137254901961
0.5803921568627451
0.5882352941176471
0.6039215686274509
0.6
0.596078431372549
0.6
0.6
0.5411764705882353
0.5019607843137255
0.11764705882352941
0.08627450980392157
0.08235294117647059
0.08627450980392157
0.09019607843137255
0.09411764705882353
0.09803921568627451
0.10588235294117647
0.12549019607843137
0.12549019607843137
0.12549019607843137
0.10196078431372549
0.1764705882352941
0.1568627450980392
0.33725490196078434
0.6
0.5882352941176471
0.5686274509803921
0.5843137254901961
0.5764705882352941
0.5843137254901961
0.5803921568627451
0.5764705882352941
0.5725490196078431
0.5764705882352941
0.5882352941176472
0.5960784313725491
0.596078431372549
0.6039215686274509
0.6039215686274509
0.5490196078431372
0.5607843137254902
0.14509803921568626
0.08627450980392157
0.08235294117647059
0.08235294117647059
0.09019607843137255
0.09019607843137255
0.09019607843137255
0.09019607843137255
0.09803921568627451
0.10980392156862745
0.11372549019607843
0.13333333333333333
0.15294117647058825
0.22745098039215683
0.2392156862745098
0.2901960784313725
0.4196078431372549
0.6
0.6078431372549019
0.6745098039215686
0.6745098039215686
0.6705882352941176
0.6784313725490196
0.6784313725490196
0.6588235294117647
0.6627450980392157
0.6588235294117647
0.6549019607843137
0.6588235294117646
0.6313725490196078
0.5568627450980392
0.615686274509804
0.23137254901960785
0.058823529411764705
0.06666666666666667
0.07058823529411765
0.0784313725490196
0.0784313725490196
0.08627450980392157
0.10196078431372549
0.10588235294117647
0.10588235294117647
0.12156862745098039
0.13725490196078433
0.16078431372549018
0.1764705882352941
0.1843137254901961
0.054901960784313725
0.16862745098039217
0.3058823529411765
0.38823529411764707
0.4
0.39215686274509803
0.37254901960784315
0.3529411764705882
0.34509803921568627
0.4784313725490196
0.5372549019607843
0.5568627450980392
0.5647058823529412
0.5803921568627451
0.592156862745098
0.5647058823529412
0.44313725490196076
0.22745098039215683
0.16470588235294117
0.09019607843137255
0.0784313725490196
0.07450980392156863
0.07058823529411765
0.07058823529411765
0.08235294117647059
0.09411764705882353
0.09019607843137255
0.09411764705882353
0.09803921568627451
0.09803921568627451
0.13333333333333333
0.15294117647058825
0.06666666666666667
0.0784313725490196
0.07058823529411765
0.10588235294117648
0.08235294117647059
0.07058823529411765
0.054901960784313725
0.047058823529411764
0.03529411764705882
0.25098039215686274
0.4901960784313726
0.5294117647058824
0.5411764705882353
0.5529411764705883
0.5450980392156863
0.5725490196078431
0.47058823529411764
0.14509803921568626
0.12549019607843137
0.09803921568627451
0.09411764705882353
0.10196078431372549
0.09411764705882353
0.10588235294117647
0.12156862745098039
0.11764705882352941
0.10588235294117647
0.11372549019607843
0.11372549019607843
0.10196078431372549
0.11764705882352941
0.12941176470588234
0.050980392156862744
0.058823529411764705
0.07450980392156863
0.09411764705882353
0.09411764705882353
0.10588235294117648
0.10588235294117648
0.22352941176470587
0.2784313725490196
0.3803921568627451
0.5568627450980392
0.5764705882352941
0.5960784313725491
0.596078431372549
0.611764705882353
0.5647058823529412
0.5176470588235295
0.1411764705882353
0.06274509803921569
0.12156862745098039
0.054901960784313725
0.12156862745098039
0.10980392156862745
0.11372549019607843
0.11764705882352941
0.10196078431372549
0.09411764705882353
0.09411764705882353
0.10196078431372549
0.12549019607843137
0.16862745098039217
0.23137254901960785
0.36470588235294116
0.3607843137254902
0.3764705882352941
0.2980392156862745
0.2784313725490196
0.28627450980392155
0.4
0.4588235294117647
0.5098039215686274
0.5725490196078431
0.6078431372549018
0.6
0.5529411764705883
0.6039215686274508
0.5803921568627451
0.5764705882352941
0.5215686274509804
0.34901960784313724
0.29411764705882354
0.2588235294117647
0.1803921568627451
0.26666666666666666
0.21176470588235294
0.09803921568627451
0.10980392156862745
0.058823529411764705
0.14901960784313725
0.07058823529411765
0.1215686274509804
0.18823529411764706
0.25098039215686274
0.4588235294117647
0.5333333333333333
0.5686274509803921
0.6039215686274509
0.6
0.4980392156862745
0.49411764705882355
0.5803921568627451
0.5764705882352941
0.5647058823529412
0.5647058823529412
0.592156862745098
0.6
0.5843137254901961
0.5960784313725489
0.6078431372549019
0.5686274509803921
0.5607843137254902
0.4745098039215686
0.44313725490196076
0.43137254901960786
0.43137254901960786
0.42745098039215684
0.3137254901960784
0.13333333333333333
0.13333333333333333
0.14509803921568626
0.29411764705882354
0.1764705882352941
0.20392156862745098
0.3529411764705882
0.396078431372549
0.5137254901960784
0.6
0.603921568627451
0.6235294117647059
0.6352941176470588
0.6392156862745098
0.615686274509804
0.607843137254902
0.588235294117647
0.5921568627450979
0.592156862745098
0.6117647058823529
0.6117647058823529
0.6078431372549019
0.6117647058823529
0.6078431372549019
0.5725490196078431
0.584313725490196
0.5294117647058824
0.5058823529411764
0.5098039215686274
0.5333333333333333
0.5294117647058824
0.4235294117647059
0.22745098039215683
0.20784313725490194
0.23529411764705882
0.39215686274509803
0.2588235294117647
0.2627450980392157
0.44313725490196076
0.4980392156862745
0.5764705882352941
0.6235294117647059
0.5882352941176472
0.6235294117647059
0.6196078431372549
0.5960784313725491
0.611764705882353
0.5960784313725491
0.596078431372549
0.596078431372549
0.592156862745098
0.6
0.6
0.6117647058823529
0.6117647058823529
0.615686274509804
0.6235294117647059
0.6078431372549019
0.5568627450980392
0.5411764705882353
0.5490196078431372
0.5647058823529412
0.5647058823529412
0.5019607843137255
0.3411764705882353
0.3137254901960784
0.3137254901960784
0.4588235294117647
0.3254901960784314
0.3254901960784314
0.5137254901960784
0.5607843137254902
0.6196078431372549
0.5960784313725491
0.596078431372549
0.596078431372549
0.596078431372549
0.5960784313725491
0.596078431372549
0.611764705882353
0.6
0.6078431372549019
0.6078431372549019
0.6117647058823529
0.6039215686274509
0.6078431372549019
0.6078431372549019
0.6117647058823529
0.6078431372549019
0.6
0.5725490196078431
0.5647058823529412
0.5725490196078431
0.5843137254901961
0.5882352941176471
0.5294117647058824
0.4627450980392157
0.3607843137254902
0.37254901960784315
0.5176470588235293
0.5019607843137255
0.4784313725490196
0.5294117647058824
0.5725490196078431
0.5921568627450982
0.588235294117647
0.5882352941176471
0.5882352941176471
0.5882352941176472
0.596078431372549
0.596078431372549
0.596078431372549
0.596078431372549
0.607843137254902
0.607843137254902
0.6078431372549019
0.6078431372549019
0.6039215686274509
0.6039215686274509
0.6078431372549019
0.615686274509804
0.6
0.5843137254901961
0.5843137254901961
0.5843137254901961
0.5843137254901961
0.5764705882352941
0.5411764705882353
0.5019607843137255
0.40784313725490196
0.39215686274509803
0.5058823529411764
0.5137254901960784
0.5098039215686274
0.5647058823529412
0.580392156862745
0.5764705882352941
0.5843137254901961
0.5843137254901961
0.6000000000000001
0.592156862745098
0.596078431372549
0.596078431372549
0.592156862745098
0.592156862745098
0.5921568627450982
0.5882352941176472
0.5960784313725491
0.6000000000000001
0.5882352941176472
0.5843137254901962
0.6000000000000001
0.6117647058823529
0.6078431372549019
0.5882352941176471
0.592156862745098
0.5843137254901961
0.5882352941176471
0.5882352941176471
0.5607843137254902
0.5137254901960784
0.4784313725490196
0.4980392156862745
0.5490196078431372
0.5294117647058824
0.5372549019607843
0.5647058823529412
0.5686274509803921
0.5647058823529412
0.5882352941176471
0.5843137254901961
0.5843137254901961
0.592156862745098
0.5803921568627451
0.5764705882352941
0.5764705882352941
0.592156862745098
0.596078431372549
0.6
0.6
0.6
0.615686274509804
0.5921568627450982
0.6000000000000001
0.6
0.6
0.592156862745098
0.592156862745098
0.5882352941176471
0.5725490196078431
0.5882352941176471
0.5686274509803921
0.5490196078431372
0.5450980392156862
0.5490196078431372
0.5529411764705883
0.5411764705882353
0.5450980392156862
0.5529411764705883
0.5568627450980392
0.5725490196078431
0.5725490196078431
0.5764705882352941
0.5803921568627451
0.5882352941176471
0.5803921568627451
0.5764705882352941
0.5764705882352941
0.5843137254901961
0.592156862745098
0.596078431372549
0.5960784313725491
0.611764705882353
0.5960784313725491
0.615686274509804
0.6549019607843136
0.592156862745098
0.596078431372549
0.5803921568627451
0.5803921568627451
0.5882352941176471
0.5882352941176471
0.5882352941176471
0.5843137254901961
0.5607843137254902
0.5450980392156862
0.5254901960784314
0.5450980392156862
0.5764705882352941
0.5764705882352941
0.580392156862745
0.5450980392156863
0.5764705882352941
0.5764705882352941
0.5725490196078431
0.5725490196078431
0.5843137254901961
0.592156862745098
0.5843137254901961
0.5764705882352941
0.5803921568627453
0.603921568627451
0.6196078431372549
0.6196078431372549
0.6235294117647059
0.6313725490196078
0.6352941176470588
0.6666666666666665
0.6039215686274509
0.6117647058823529
0.592156862745098
0.592156862745098
0.6039215686274509
0.6039215686274509
0.6078431372549019
0.592156862745098
0.5686274509803921
0.5568627450980392
0.5647058823529412
0.5764705882352941
0.5764705882352941
0.5686274509803921
0.5843137254901961
0.6078431372549019
0.6352941176470588
0.6313725490196076
0.615686274509804
0.6392156862745095
0.6431372549019607
0.615686274509804
0.6313725490196078
0.6392156862745098
0.6392156862745098
0.6431372549019608
0.6509803921568628
0.6509803921568628
0.6509803921568628
0.6627450980392157
0.6588235294117647
0.6509803921568628
0.5882352941176471
0.592156862745098
0.6
0.6
0.6
0.596078431372549
0.5882352941176471
0.6
0.6117647058823529
0.6039215686274509
0.6078431372549019
0.615686274509804
0.615686274509804
0.6235294117647059
0.6274509803921569
0.6274509803921569
0.6235294117647059
0.6196078431372549
0.6196078431372549
0.6274509803921569
0.6313725490196078
0.6274509803921569
0.6235294117647059
0.6235294117647059
0.6274509803921569
0.6274509803921569
0.6313725490196078
0.6392156862745098
0.6431372549019608
0.6392156862745098
0.6431372549019608
0.6392156862745098
0.596078431372549
0.6
0.6039215686274509
0.6039215686274509
0.6078431372549019
0.6039215686274509
0.596078431372549
0.6078431372549019
0.615686274509804
0.6117647058823529
0.615686274509804
0.615686274509804
0.615686274509804
0.6235294117647059
0.6274509803921569
0.6196078431372549
0.6274509803921569
0.6196078431372549
0.6274509803921569
0.6274509803921569
0.6313725490196078
0.6352941176470588
0.6392156862745098
0.6352941176470588
0.6313725490196078
0.6313725490196078
0.6352941176470588
0.6431372549019608
0.6470588235294118
0.6431372549019608
0.6431372549019608
0.6470588235294118
0.5843137254901961
0.5843137254901961
0.5882352941176471
0.5882352941176471
0.592156862745098
0.592156862745098
0.5882352941176471
0.6
0.6
0.6039215686274509
0.6
0.6039215686274509
0.6078431372549019
0.6039215686274509
0.615686274509804
0.6117647058823529
0.615686274509804
0.615686274509804
0.6235294117647059
0.6117647058823529
0.6039215686274509
0.6117647058823529
0.6196078431372549
0.6196078431372549
0.6235294117647059
0.6313725490196078
0.6313725490196078
0.6313725490196078
0.6352941176470588
0.6352941176470588
0.6274509803921569
0.6352941176470588
0.596078431372549
0.6
0.6078431372549019
0.6078431372549019
0.6
0.596078431372549
0.596078431372549
0.6
0.6
0.6
0.596078431372549
0.6196078431372549
0.6117647058823529
0.615686274509804
0.6196078431372549
0.615686274509804
0.615686274509804
0.6196078431372549
0.6117647058823529
0.6117647058823529
0.6117647058823529
0.615686274509804
0.615686274509804
0.6196078431372549
0.6235294117647059
0.6235294117647059
0.6235294117647059
0.6235294117647059
0.6235294117647059
0.6313725490196078
0.6274509803921569
0.6274509803921569
0.5803921568627451
0.5803921568627451
0.5882352941176471
0.5882352941176471
0.5882352941176471
0.5882352941176471
0.5882352941176471
0.592156862745098
0.596078431372549
0.5882352941176471
0.5529411764705883
0.6078431372549019
0.6078431372549019
0.6117647058823529
0.6117647058823529
0.615686274509804
0.615686274509804
0.615686274509804
0.615686274509804
0.615686274509804
0.6196078431372549
0.6274509803921569
0.6274509803921569
0.6235294117647059
0.6235294117647059
0.6235294117647059
0.6235294117647059
0.6235294117647059
0.6235294117647059
0.6274509803921569
0.6274509803921569
0.6274509803921569
0.5647058823529412
0.5686274509803921
0.5686274509803921
0.5686274509803921
0.5764705882352941
0.5803921568627451
0.5803921568627451
0.5843137254901961
0.5843137254901961
0.5725490196078431
0.5725490196078431
0.592156862745098
0.6
0.6039215686274509
0.6039215686274509
0.6078431372549019
0.6117647058823529
0.6117647058823529
0.6078431372549019
0.6078431372549019
0.6117647058823529
0.6196078431372549
0.6196078431372549
0.6196078431372549
0.615686274509804
0.615686274509804
0.6235294117647059
0.6235294117647059
0.6235294117647059
0.6235294117647059
0.6235294117647059
0.6235294117647059
0.5725490196078431
0.5725490196078431
0.5686274509803921
0.5686274509803921
0.5686274509803921
0.5686274509803921
0.5725490196078431
0.5764705882352941
0.5803921568627451
0.5647058823529412
0.5647058823529412
0.592156862745098
0.592156862745098
0.596078431372549
0.596078431372549
0.6039215686274509
0.6039215686274509
0.6039215686274509
0.6117647058823529
0.6117647058823529
0.6117647058823529
0.6117647058823529
0.6117647058823529
0.6117647058823529
0.615686274509804
0.615686274509804
0.6196078431372549
0.6235294117647059
0.6196078431372549
0.6196078431372549
0.6196078431372549
0.6196078431372549
0.5607843137254902
0.5647058823529412
0.5647058823529412
0.5647058823529412
0.5647058823529412
0.5686274509803921
0.5686274509803921
0.5764705882352941
0.5725490196078431
0.5411764705882353
0.5764705882352941
0.6
0.6
0.592156862745098
0.592156862745098
0.596078431372549
0.596078431372549
0.596078431372549
0.6
0.6
0.6
0.6
0.6
0.6039215686274509
0.6039215686274509
0.6039215686274509
0.6078431372549019
0.6117647058823529
0.6117647058823529
0.615686274509804
0.615686274509804
0.615686274509804
0.5686274509803921
0.5764705882352941
0.5843137254901961
0.5843137254901961
0.5882352941176471
0.592156862745098
0.592156862745098
0.5803921568627451
0.5843137254901961
0.5137254901960784
0.5137254901960784
0.6117647058823529
0.6117647058823529
0.6039215686274509
0.6
0.6
0.6
0.6
0.6039215686274509
0.6039215686274509
0.6078431372549019
0.615686274509804
0.615686274509804
0.615686274509804
0.615686274509804
0.615686274509804
0.6196078431372549
0.6196078431372549
0.6235294117647059
0.6274509803921569
0.6274509803921569
0.6274509803921569
0.5725490196078431
0.5803921568627451
0.5843137254901961
0.5843137254901961
0.592156862745098
0.596078431372549
0.592156862745098
0.5882352941176471
0.5568627450980392
0.5176470588235295
0.4941176470588235
0.6078431372549019
0.5843137254901961
0.5411764705882353
0.6039215686274509
0.6078431372549019
0.6039215686274509
0.6039215686274509
0.6078431372549019
0.6078431372549019
0.6117647058823529
0.6196078431372549
0.6235294117647059
0.6235294117647059
0.6235294117647059
0.6235294117647059
0.6274509803921569
0.6313725490196078
0.6313725490196078
0.6352941176470588
0.6352941176470588
0.6352941176470588
0.5647058823529412
0.5725490196078431
0.5803921568627451
0.5803921568627451
0.5882352941176471
0.596078431372549
0.596078431372549
0.5098039215686276
0.38431372549019605
0.38823529411764707
0.4235294117647059
0.5882352941176471
0.38431372549019605
0.30980392156862746
0.6
0.6117647058823529
0.6078431372549019
0.6078431372549019
0.615686274509804
0.615686274509804
0.615686274509804
0.615686274509804
0.615686274509804
0.615686274509804
0.615686274509804
0.615686274509804
0.6196078431372549
0.6235294117647059
0.6235294117647059
0.6313725490196078
0.6313725490196078
0.6313725490196078
0.5607843137254902
0.5607843137254902
0.5686274509803921
0.5725490196078431
0.5843137254901961
0.5882352941176471
0.592156862745098
0.5411764705882354
0.34509803921568627
0.26666666666666666
0.3686274509803922
0.5647058823529412
0.3764705882352941
0.26666666666666666
0.592156862745098
0.6
0.6039215686274509
0.6196078431372549
0.615686274509804
0.6117647058823529
0.615686274509804
0.615686274509804
0.615686274509804
0.615686274509804
0.6196078431372549
0.6235294117647059
0.6196078431372549
0.6196078431372549
0.6196078431372549
0.6274509803921569
0.6274509803921569
0.6274509803921569
0.5607843137254902
0.5607843137254902
0.5843137254901961
0.5686274509803921
0.5764705882352941
0.5803921568627451
0.5764705882352941
0.5450980392156862
0.32156862745098036
0.2431372549019608
0.2823529411764706
0.42745098039215684
0.26666666666666666
0.28627450980392155
0.6078431372549018
0.5647058823529412
0.6117647058823529
0.603921568627451
0.6117647058823529
0.6078431372549019
0.615686274509804
0.615686274509804
0.615686274509804
0.615686274509804
0.6196078431372549
0.6235294117647059
0.6235294117647059
0.6196078431372549
0.6196078431372549
0.6235294117647059
0.6235294117647059
0.6274509803921569
0.5607843137254902
0.5607843137254902
0.4980392156862745
0.4980392156862745
0.4980392156862745
0.5490196078431372
0.5882352941176471
0.3764705882352941
0.20784313725490194
0.22352941176470587
0.2196078431372549
0.27058823529411763
0.1803921568627451
0.16862745098039217
0.44705882352941173
0.5764705882352941
0.6039215686274509
0.6196078431372549
0.6078431372549019
0.6039215686274509
0.6117647058823529
0.615686274509804
0.615686274509804
0.615686274509804
0.6196078431372549
0.6235294117647059
0.6196078431372549
0.6196078431372549
0.6196078431372549
0.6196078431372549
0.6196078431372549
0.6196078431372549
0.5647058823529412
0.5764705882352941
0.24705882352941178
0.1843137254901961
0.2196078431372549
0.3176470588235294
0.44705882352941173
0.2549019607843137
0.14901960784313725
0.16862745098039217
0.14901960784313725
0.2196078431372549
0.14509803921568626
0.10588235294117647
0.18823529411764706
0.5450980392156862
0.5803921568627451
0.615686274509804
0.603921568627451
0.6
0.6078431372549019
0.615686274509804
0.615686274509804
0.615686274509804
0.6196078431372549
0.6235294117647059
0.6196078431372549
0.6196078431372549
0.6196078431372549
0.615686274509804
0.615686274509804
0.615686274509804
0.5568627450980392
0.5176470588235293
0.1411764705882353
0.10980392156862745
0.12549019607843137
0.11764705882352941
0.13333333333333333
0.14901960784313725
0.16078431372549018
0.1803921568627451
0.1803921568627451
0.1568627450980392
0.1411764705882353
0.14509803921568626
0.2549019607843137
0.19215686274509802
0.4549019607843137
0.6000000000000001
0.6117647058823529
0.615686274509804
0.6039215686274509
0.6078431372549019
0.615686274509804
0.6196078431372549
0.615686274509804
0.6078431372549019
0.6078431372549019
0.6235294117647059
0.6196078431372549
0.615686274509804
0.6196078431372549
0.6235294117647059
0.5607843137254902
0.5215686274509803
0.13725490196078433
0.10588235294117647
0.09803921568627451
0.09803921568627451
0.10196078431372549
0.10980392156862745
0.10980392156862745
0.10980392156862745
0.11372549019607843
0.10588235294117647
0.10588235294117647
0.14901960784313725
0.16078431372549018
0.10980392156862745
0.29411764705882354
0.596078431372549
0.615686274509804
0.596078431372549
0.6078431372549019
0.6039215686274509
0.6117647058823529
0.6039215686274509
0.6
0.596078431372549
0.596078431372549
0.6078431372549019
0.615686274509804
0.615686274509804
0.6235294117647059
0.6313725490196078
0.5686274509803921
0.5803921568627451
0.16470588235294117
0.10588235294117647
0.09803921568627451
0.09411764705882353
0.10196078431372549
0.10196078431372549
0.10196078431372549
0.09803921568627451
0.09019607843137255
0.09411764705882353
0.10196078431372549
0.1568627450980392
0.14901960784313725
0.1843137254901961
0.19215686274509802
0.2823529411764706
0.43137254901960786
0.6078431372549019
0.6117647058823529
0.615686274509804
0.6784313725490196
0.615686274509804
0.6823529411764706
0.6862745098039216
0.611764705882353
0.6823529411764706
0.6784313725490196
0.6588235294117646
0.615686274509804
0.6235294117647059
0.5764705882352941
0.5725490196078431
0.25098039215686274
0.0784313725490196
0.08235294117647059
0.08235294117647059
0.09019607843137255
0.09019607843137255
0.09803921568627451
0.10588235294117647
0.10196078431372549
0.09803921568627451
0.11372549019607843
0.13333333333333333
0.16078431372549018
0.19607843137254902
0.16862745098039217
0.043137254901960784
0.16862745098039217
0.30196078431372547
0.3764705882352941
0.396078431372549
0.39215686274509803
0.3686274509803922
0.34901960784313724
0.3411764705882353
0.49411764705882355
0.5568627450980392
0.5764705882352941
0.5843137254901961
0.6
0.6196078431372549
0.5843137254901961
0.4627450980392157
0.24705882352941178
0.1843137254901961
0.10588235294117647
0.09019607843137255
0.08627450980392157
0.08235294117647059
0.08235294117647059
0.09019607843137255
0.09019607843137255
0.08235294117647059
0.08627450980392157
0.09803921568627451
0.10196078431372549
0.10196078431372549
0.11764705882352941
0.12549019607843137
0.0784313725490196
0.058823529411764705
0.08627450980392157
0.07450980392156863
0.06666666666666667
0.050980392156862744
0.043137254901960784
0.03137254901960784
0.24705882352941178
0.5098039215686274
0.5490196078431372
0.5607843137254902
0.5725490196078431
0.5686274509803921
0.592156862745098
0.4901960784313726
0.16470588235294117
0.14509803921568626
0.11372549019607843
0.10588235294117647
0.11372549019607843
0.10588235294117647
0.11764705882352941
0.12941176470588234
0.11764705882352941
0.10196078431372549
0.10980392156862745
0.10980392156862745
0.10588235294117647
0.10588235294117647
0.11764705882352941
0.06274509803921569
0.07058823529411765
0.06666666666666667
0.0784313725490196
0.09019607843137255
0.10588235294117648
0.10588235294117648
0.22352941176470587
0.2784313725490196
0.396078431372549
0.5764705882352941
0.596078431372549
0.6
0.615686274509804
0.6235294117647059
0.5843137254901961
0.5372549019607843
0.16078431372549018
0.08235294117647059
0.13725490196078433
0.12941176470588234
0.13333333333333333
0.12156862745098039
0.12549019607843137
0.12941176470588234
0.10980392156862745
0.09803921568627451
0.09803921568627451
0.10980392156862745
0.13725490196078433
0.1411764705882353
0.24705882352941178
0.4
0.39215686274509803
0.38431372549019605
0.29411764705882354
0.2901960784313725
0.30196078431372547
0.4117647058823529
0.47058823529411764
0.5215686274509803
0.5882352941176471
0.580392156862745
0.5568627450980392
0.5725490196078431
0.5607843137254902
0.5411764705882353
0.596078431372549
0.5411764705882353
0.3686274509803922
0.3137254901960784
0.27450980392156865
0.19215686274509802
0.2784313725490196
0.22352941176470587
0.10980392156862745
0.10588235294117647
0.08627450980392157
0.1568627450980392
0.09411764705882353
0.13333333333333333
0.20784313725490194
0.27058823529411763
0.49411764705882355
0.5882352941176471
0.615686274509804
0.6274509803921569
0.6117647058823529
0.5254901960784314
0.5254901960784314
0.6078431372549019
0.6078431372549019
0.5764705882352941
0.5843137254901961
0.6117647058823529
0.6196078431372549
0.6039215686274509
0.5843137254901961
0.5725490196078431
0.5882352941176471
0.5490196078431372
0.49411764705882355
0.4627450980392157
0.45098039215686275
0.44705882352941173
0.44313725490196076
0.32941176470588235
0.14901960784313725
0.15294117647058825
0.17254901960784313
0.32156862745098036
0.2
0.23137254901960785
0.3803921568627451
0.4235294117647059
0.5450980392156862
0.5725490196078431
0.5882352941176471
0.6039215686274509
0.6078431372549019
0.6196078431372549
0.6117647058823529
0.6039215686274509
0.6
0.6
0.6117647058823529
0.6313725490196078
0.6313725490196078
0.6274509803921569
0.6313725490196078
0.6313725490196078
0.5764705882352941
0.5568627450980392
0.5490196078431372
0.5254901960784314
0.5294117647058824
0.5529411764705883
0.5490196078431372
0.44313725490196076
0.24705882352941178
0.23137254901960785
0.27058823529411763
0.42745098039215684
0.29411764705882354
0.2980392156862745
0.4784313725490196
0.5254901960784314
0.596078431372549
0.5764705882352941
0.6039215686274509
0.6117647058823529
0.6078431372549019
0.615686274509804
0.615686274509804
0.615686274509804
0.615686274509804
0.615686274509804
0.6117647058823529
0.6196078431372549
0.6196078431372549
0.6313725490196078
0.6313725490196078
0.6352941176470588
0.5960784313725491
0.5960784313725489
0.5764705882352941
0.5607843137254902
0.5686274509803921
0.5843137254901961
0.5803921568627451
0.5176470588235293
0.3607843137254902
0.33725490196078434
0.34901960784313724
0.49411764705882355
0.3607843137254902
0.3607843137254902
0.5490196078431372
0.5882352941176471
0.607843137254902
0.6
0.615686274509804
0.615686274509804
0.615686274509804
0.615686274509804
0.615686274509804
0.615686274509804
0.6196078431372549
0.6274509803921569
0.6274509803921569
0.6313725490196078
0.6235294117647059
0.6274509803921569
0.6274509803921569
0.6313725490196078
0.5647058823529412
0.5882352941176472
0.592156862745098
0.5843137254901961
0.592156862745098
0.6039215686274509
0.6078431372549019
0.5490196078431372
0.4823529411764706
0.38431372549019605
0.40784313725490196
0.5529411764705883
0.5372549019607843
0.5137254901960784
0.5686274509803921
0.6
0.5803921568627451
0.607843137254902
0.6078431372549019
0.6078431372549019
0.607843137254902
0.615686274509804
0.615686274509804
0.615686274509804
0.615686274509804
0.6117647058823529
0.6117647058823529
0.6274509803921569
0.6274509803921569
0.6235294117647059
0.6235294117647059
0.6274509803921569
0.6352941176470588
0.603921568627451
0.588235294117647
0.5725490196078431
0.588235294117647
0.6039215686274509
0.596078431372549
0.5607843137254902
0.5215686274509803
0.43137254901960786
0.42745098039215684
0.5411764705882353
0.5490196078431372
0.5450980392156862
0.6
0.5764705882352941
0.611764705882353
0.6039215686274509
0.6039215686274509
0.6039215686274509
0.6117647058823529
0.615686274509804
0.615686274509804
0.6117647058823529
0.6117647058823529
0.6117647058823529
0.6078431372549019
0.615686274509804
0.6196078431372549
0.6078431372549019
0.6039215686274509
0.6196078431372549
0.6313725490196078
0.6274509803921569
0.5921568627450979
0.6117647058823528
0.588235294117647
0.6078431372549019
0.6078431372549018
0.5803921568627451
0.5333333333333333
0.5019607843137255
0.5333333333333333
0.5843137254901961
0.5647058823529412
0.5725490196078431
0.6
0.6235294117647059
0.615686274509804
0.6078431372549019
0.6039215686274509
0.6039215686274509
0.611764705882353
0.6
0.596078431372549
0.596078431372549
0.6117647058823529
0.615686274509804
0.6196078431372549
0.6196078431372549
0.6196078431372549
0.6196078431372549
0.6117647058823529
0.6196078431372549
0.6196078431372549
0.6196078431372549
0.6117647058823529
0.6117647058823529
0.6078431372549018
0.6078431372549019
0.6078431372549019
0.5882352941176471
0.5686274509803921
0.5686274509803921
0.5843137254901961
0.5882352941176471
0.5764705882352941
0.5803921568627451
0.6235294117647059
0.5803921568627453
0.607843137254902
0.592156862745098
0.596078431372549
0.6
0.6078431372549019
0.6
0.596078431372549
0.596078431372549
0.6039215686274509
0.6117647058823529
0.615686274509804
0.615686274509804
0.615686274509804
0.615686274509804
0.6039215686274509
0.6117647058823529
0.6117647058823529
0.615686274509804
0.6
0.6
0.6078431372549018
0.5921568627450979
0.6078431372549019
0.6039215686274509
0.5803921568627451
0.5686274509803921
0.5607843137254902
0.5803921568627451
0.5960784313725489
0.6117647058823528
0.615686274509804
0.6000000000000001
0.5960784313725491
0.596078431372549
0.5921568627450982
0.592156862745098
0.6039215686274509
0.6117647058823529
0.6039215686274509
0.596078431372549
0.6
0.6078431372549019
0.6078431372549019
0.6078431372549019
0.6117647058823529
0.6196078431372549
0.6235294117647059
0.6235294117647059
0.6235294117647059
0.6313725490196078
0.6117647058823529
0.6117647058823529
0.6235294117647059
0.6235294117647059
0.6274509803921569
0.6117647058823529
0.5882352941176471
0.5803921568627451
0.592156862745098
0.6039215686274509
0.6039215686274509
0.596078431372549
0.6078431372549019
0.6313725490196078
0.6549019607843137
0.6196078431372549
0.603921568627451
0.611764705882353
0.615686274509804
0.603921568627451
0.6039215686274509
0.596078431372549
0.611764705882353
0.6
0.6078431372549019
0.6078431372549019
0.6078431372549019
0.6196078431372549
0.615686274509804
0.6117647058823529
0.6117647058823529
0.615686274509804
0.6235294117647059
0.6235294117647059
0.6235294117647059
0.6196078431372549
0.6117647058823529
0.6235294117647059
0.6352941176470588
0.6274509803921569
0.6274509803921569
0.6352941176470588
0.6352941176470588
0.6431372549019608
0.6470588235294118
0.6470588235294118
0.6431372549019608
0.6392156862745098
0.6392156862745098
0.6470588235294118
0.6509803921568628
0.6470588235294118
0.6431372549019608
0.6431372549019608
0.6470588235294118
0.6470588235294118
0.6509803921568628
0.6588235294117647
0.6627450980392157
0.6588235294117647
0.6627450980392157
0.6588235294117647
0.6196078431372549
0.6235294117647059
0.6274509803921569
0.6274509803921569
0.6313725490196078
0.6274509803921569
0.6196078431372549
0.6313725490196078
0.6392156862745098
0.6352941176470588
0.6392156862745098
0.6313725490196078
0.6352941176470588
0.6431372549019608
0.6470588235294118
0.6392156862745098
0.6470588235294118
0.6392156862745098
0.6470588235294118
0.6470588235294118
0.6509803921568628
0.6549019607843137
0.6588235294117647
0.6549019607843137
0.6509803921568628
0.6509803921568628
0.6549019607843137
0.6627450980392157
0.6666666666666666
0.6627450980392157
0.6627450980392157
0.6666666666666666
0.6078431372549019
0.6078431372549019
0.6117647058823529
0.6117647058823529
0.615686274509804
0.615686274509804
0.6117647058823529
0.6235294117647059
0.6235294117647059
0.6274509803921569
0.6196078431372549
0.6235294117647059
0.6274509803921569
0.6235294117647059
0.6352941176470588
0.6313725490196078
0.6352941176470588
0.6352941176470588
0.6431372549019608
0.6313725490196078
0.6235294117647059
0.6313725490196078
0.6392156862745098
0.6392156862745098
0.6431372549019608
0.6509803921568628
0.6509803921568628
0.6509803921568628
0.6549019607843137
0.6549019607843137
0.6470588235294118
0.6549019607843137
0.6196078431372549
0.6235294117647059
0.6313725490196078
0.6313725490196078
0.6235294117647059
0.6196078431372549
0.6196078431372549
0.6235294117647059
0.6235294117647059
0.6235294117647059
0.615686274509804
0.6392156862745098
0.6313725490196078
0.6352941176470588
0.6392156862745098
0.6352941176470588
0.6352941176470588
0.6392156862745098
0.6313725490196078
0.6313725490196078
0.6313725490196078
0.6352941176470588
0.6352941176470588
0.6392156862745098
0.6431372549019608
0.6431372549019608
0.6431372549019608
0.6431372549019608
0.6431372549019608
0.6509803921568628
0.6470588235294118
0.6470588235294118
0.6039215686274509
0.6039215686274509
0.6117647058823529
0.6117647058823529
0.6117647058823529
0.6117647058823529
0.6117647058823529
0.615686274509804
0.6196078431372549
0.6117647058823529
0.5764705882352941
0.6274509803921569
0.6274509803921569
0.6313725490196078
0.6313725490196078
0.6352941176470588
0.6352941176470588
0.6352941176470588
0.6352941176470588
0.6352941176470588
0.6392156862745098
0.6470588235294118
0.6470588235294118
0.6431372549019608
0.6431372549019608
0.6431372549019608
0.6431372549019608
0.6431372549019608
0.6431372549019608
0.6470588235294118
0.6470588235294118
0.6470588235294118
0.5882352941176471
0.592156862745098
0.592156862745098
0.592156862745098
0.6
0.6039215686274509
0.6039215686274509
0.6078431372549019
0.6078431372549019
0.596078431372549
0.5607843137254902
0.6117647058823529
0.6196078431372549
0.6235294117647059
0.6235294117647059
0.6274509803921569
0.6313725490196078
0.6313725490196078
0.6274509803921569
0.6274509803921569
0.6313725490196078
0.6392156862745098
0.6392156862745098
0.6392156862745098
0.6352941176470588
0.6352941176470588
0.6431372549019608
0.6431372549019608
0.6431372549019608
0.6431372549019608
0.6431372549019608
0.6431372549019608
0.596078431372549
0.596078431372549
0.592156862745098
0.592156862745098
0.592156862745098
0.592156862745098
0.592156862745098
0.596078431372549
0.6
0.5882352941176471
0.580392156862745
0.6
0.6078431372549019
0.6196078431372549
0.615686274509804
0.6235294117647059
0.6274509803921569
0.6274509803921569
0.6313725490196078
0.6313725490196078
0.6313725490196078
0.6313725490196078
0.6313725490196078
0.6313725490196078
0.6352941176470588
0.6352941176470588
0.6392156862745098
0.6431372549019608
0.6431372549019608
0.6392156862745098
0.6392156862745098
0.6392156862745098
0.596078431372549
0.596078431372549
0.596078431372549
0.596078431372549
0.592156862745098
0.5843137254901961
0.5843137254901961
0.592156862745098
0.5882352941176471
0.5607843137254902
0.5803921568627451
0.5568627450980392
0.592156862745098
0.6392156862745098
0.6235294117647059
0.6117647058823529
0.6196078431372549
0.6196078431372549
0.6235294117647059
0.6235294117647059
0.6235294117647059
0.6235294117647059
0.6235294117647059
0.6235294117647059
0.6274509803921569
0.6274509803921569
0.6313725490196078
0.6352941176470588
0.6352941176470588
0.6392156862745098
0.6392156862745098
0.6352941176470588
0.6039215686274509
0.6117647058823529
0.6196078431372549
0.6196078431372549
0.6117647058823529
0.6039215686274509
0.6078431372549019
0.6078431372549019
0.615686274509804
0.5529411764705883
0.5333333333333333
0.5686274509803921
0.6078431372549019
0.6666666666666666
0.6313725490196078
0.615686274509804
0.6235294117647059
0.6235294117647059
0.6274509803921569
0.6274509803921569
0.6313725490196078
0.6392156862745098
0.6392156862745098
0.6392156862745098
0.6392156862745098
0.6392156862745098
0.6431372549019608
0.6431372549019608
0.6470588235294118
0.6509803921568628
0.6509803921568628
0.6470588235294118
0.6078431372549019
0.615686274509804
0.6196078431372549
0.6196078431372549
0.6078431372549019
0.6039215686274509
0.615686274509804
0.6274509803921569
0.615686274509804
0.5882352941176471
0.5529411764705883
0.6078431372549019
0.615686274509804
0.6784313725490196
0.6274509803921569
0.6196078431372549
0.6274509803921569
0.6274509803921569
0.6313725490196078
0.6313725490196078
0.6352941176470588
0.6431372549019608
0.6470588235294118
0.6470588235294118
0.6470588235294118
0.6470588235294118
0.6509803921568628
0.6549019607843137
0.6549019607843137
0.6588235294117647
0.6588235294117647
0.6509803921568628
0.6
0.6078431372549019
0.615686274509804
0.615686274509804
0.6039215686274509
0.6
0.615686274509804
0.5529411764705883
0.45098039215686275
0.4117647058823529
0.5058823529411764
0.6196078431372549
0.5098039215686274
0.4
0.6235294117647061
0.6196078431372549
0.6313725490196078
0.6313725490196078
0.6392156862745098
0.6392156862745098
0.6392156862745098
0.6392156862745098
0.6392156862745098
0.6392156862745098
0.6392156862745098
0.6392156862745098
0.6431372549019608
0.6470588235294118
0.6470588235294118
0.6549019607843137
0.6549019607843137
0.6470588235294118
0.596078431372549
0.596078431372549
0.6039215686274509
0.6078431372549019
0.6
0.592156862745098
0.6117647058823529
0.580392156862745
0.4
0.3411764705882353
0.4392156862745098
0.6039215686274509
0.4588235294117647
0.3764705882352941
0.6313725490196078
0.6352941176470588
0.6588235294117648
0.6431372549019608
0.6392156862745098
0.6352941176470588
0.6392156862745098
0.6392156862745098
0.6392156862745098
0.6392156862745098
0.6431372549019608
0.6470588235294118
0.6431372549019608
0.6431372549019608
0.6431372549019608
0.6509803921568628
0.6509803921568628
0.6470588235294118
0.596078431372549
0.596078431372549
0.6196078431372549
0.6039215686274509
0.6039215686274509
0.6039215686274509
0.611764705882353
0.5686274509803921
0.34509803921568627
0.27058823529411763
0.30980392156862746
0.44705882352941173
0.3568627450980392
0.40784313725490196
0.6392156862745098
0.615686274509804
0.6666666666666665
0.6274509803921569
0.6352941176470588
0.6313725490196078
0.6392156862745098
0.6392156862745098
0.6392156862745098
0.6392156862745098
0.6431372549019608
0.6470588235294118
0.6470588235294118
0.6431372549019608
0.6431372549019608
0.6470588235294118
0.6470588235294118
0.6470588235294118
0.596078431372549
0.596078431372549
0.5333333333333333
0.5333333333333333
0.5372549019607843
0.5803921568627451
0.6078431372549019
0.403921568627451
0.18823529411764706
0.2
0.18823529411764706
0.2549019607843137
0.2588235294117647
0.29411764705882354
0.48627450980392156
0.5843137254901961
0.6313725490196078
0.6431372549019607
0.6313725490196078
0.6274509803921569
0.6352941176470588
0.6392156862745098
0.6392156862745098
0.6392156862745098
0.6431372549019608
0.6470588235294118
0.6431372549019608
0.6431372549019608
0.6431372549019608
0.6431372549019608
0.6431372549019608
0.6392156862745098
0.6
0.5960784313725489
0.2823529411764706
0.2196078431372549
0.26666666666666666
0.3568627450980392
0.4666666666666667
0.23529411764705882
0.0980392156862745
0.16078431372549018
0.07450980392156863
0.1764705882352941
0.21176470588235294
0.1803921568627451
0.22745098039215683
0.5529411764705883
0.6666666666666666
0.6392156862745098
0.6274509803921569
0.6235294117647059
0.6313725490196078
0.6392156862745098
0.6392156862745098
0.6392156862745098
0.6431372549019608
0.6470588235294118
0.6431372549019608
0.6431372549019608
0.6431372549019608
0.6392156862745098
0.6392156862745098
0.6352941176470588
0.5843137254901961
0.5450980392156862
0.16470588235294117
0.13725490196078433
0.1568627450980392
0.15294117647058825
0.1568627450980392
0.16078431372549018
0.14509803921568626
0.16862745098039217
0.15294117647058825
0.15294117647058825
0.12941176470588234
0.1215686274509804
0.24705882352941178
0.16470588235294117
0.44705882352941173
0.6431372549019607
0.6352941176470588
0.6431372549019608
0.6274509803921569
0.6352941176470588
0.6431372549019608
0.6470588235294118
0.6431372549019608
0.6352941176470588
0.6352941176470588
0.6470588235294118
0.6431372549019608
0.6392156862745098
0.6431372549019608
0.6470588235294118
0.5843137254901961
0.5450980392156861
0.16078431372549018
0.12941176470588234
0.12549019607843137
0.12549019607843137
0.13333333333333333
0.13725490196078433
0.1411764705882353
0.13725490196078433
0.11764705882352941
0.12941176470588234
0.12941176470588234
0.14901960784313725
0.12941176470588234
0.058823529411764705
0.2627450980392157
0.596078431372549
0.6980392156862745
0.6196078431372549
0.6235294117647059
0.6196078431372549
0.6274509803921569
0.6235294117647059
0.6196078431372549
0.615686274509804
0.6352941176470588
0.6313725490196078
0.6392156862745098
0.6392156862745098
0.6470588235294118
0.6549019607843137
0.592156862745098
0.5411764705882353
0.18823529411764706
0.12941176470588234
0.12156862745098039
0.12156862745098039
0.12941176470588234
0.12941176470588234
0.12941176470588234
0.11764705882352941
0.09803921568627451
0.11764705882352941
0.12941176470588234
0.14901960784313725
0.1215686274509804
0.13725490196078433
0.1568627450980392
0.2784313725490196
0.44313725490196076
0.6313725490196078
0.6745098039215686
0.6862745098039216
0.6862745098039216
0.6862745098039216
0.6901960784313725
0.6941176470588235
0.6941176470588235
0.7058823529411765
0.7019607843137254
0.6823529411764706
0.6705882352941175
0.6470588235294118
0.6
0.596078431372549
0.27450980392156865
0.10196078431372549
0.10980392156862745
0.10980392156862745
0.11764705882352941
0.11764705882352941
0.12549019607843137
0.12941176470588234
0.11764705882352941
0.12941176470588234
0.14901960784313725
0.14509803921568626
0.1411764705882353
0.14901960784313725
0.16470588235294117
0.03137254901960784
0.16862745098039217
0.29411764705882354
0.36470588235294116
0.38823529411764707
0.38431372549019605
0.3607843137254902
0.34509803921568627
0.33725490196078434
0.5098039215686274
0.5803921568627451
0.6
0.6078431372549019
0.6235294117647059
0.6431372549019608
0.6078431372549019
0.4862745098039215
0.27058823529411763
0.20784313725490194
0.12941176470588234
0.11764705882352941
0.11372549019607843
0.10980392156862745
0.10980392156862745
0.11372549019607843
0.10980392156862745
0.11764705882352941
0.13333333333333333
0.11372549019607843
0.08627450980392157
0.06666666666666667
0.09019607843137255
0.08627450980392157
0.08235294117647059
0.050980392156862744
0.07058823529411765
0.06666666666666667
0.058823529411764705
0.043137254901960784
0.06274509803921569
0.023529411764705882
0.26666666666666666
0.5372549019607843
0.5725490196078431
0.5843137254901961
0.611764705882353
0.5921568627450982
0.615686274509804
0.5137254901960784
0.18823529411764706
0.16862745098039217
0.1411764705882353
0.13333333333333333
0.1411764705882353
0.13333333333333333
0.14509803921568626
0.15294117647058825
0.1411764705882353
0.14509803921568626
0.16078431372549018
0.13725490196078433
0.09803921568627451
0.0784313725490196
0.09411764705882353
0.07058823529411765
0.08235294117647059
0.06274509803921569
0.06666666666666667
0.09019607843137255
0.10588235294117648
0.10588235294117648
0.22352941176470587
0.2784313725490196
0.4117647058823529
0.6
0.6509803921568629
0.6235294117647059
0.6392156862745098
0.6431372549019608
0.6078431372549019
0.5607843137254902
0.1843137254901961
0.10588235294117648
0.16078431372549018
0.1568627450980392
0.16078431372549018
0.14901960784313725
0.15294117647058825
0.1568627450980392
0.13725490196078433
0.1411764705882353
0.14901960784313725
0.13725490196078433
0.12941176470588234
0.10196078431372549
0.2588235294117647
0.42745098039215684
0.4196078431372549
0.39215686274509803
0.2901960784313725
0.2980392156862745
0.3137254901960784
0.4235294117647059
0.4823529411764706
0.5372549019607843
0.6117647058823529
0.6196078431372549
0.5960784313725491
0.596078431372549
0.615686274509804
0.6274509803921569
0.6196078431372549
0.5647058823529412
0.34509803921568627
0.33725490196078434
0.2980392156862745
0.2196078431372549
0.3058823529411765
0.25098039215686274
0.13725490196078433
0.14901960784313725
0.16470588235294117
0.20392156862745098
0.12941176470588234
0.16470588235294117
0.20392156862745098
0.2784313725490196
0.5254901960784314
0.6274509803921569
0.6509803921568628
0.6431372549019608
0.6196078431372549
0.6117647058823529
0.6117647058823529
0.6313725490196078
0.6313725490196078
0.6470588235294118
0.607843137254902
0.6470588235294117
0.6431372549019608
0.6274509803921569
0.6196078431372549
0.6274509803921569
0.6117647058823529
0.5725490196078431
0.5176470588235293
0.48627450980392156
0.4745098039215686
0.4745098039215686
0.4666666666666667
0.3529411764705882
0.1764705882352941
0.1764705882352941
0.19607843137254902
0.3529411764705882
0.23529411764705882
0.2549019607843137
0.39215686274509803
0.43529411764705883
0.5647058823529412
0.6627450980392157
0.6274509803921569
0.615686274509804
0.6235294117647059
0.6980392156862745
0.6901960784313725
0.6549019607843138
0.6470588235294119
0.6509803921568629
0.6431372549019607
0.6470588235294118
0.6470588235294118
0.6431372549019608
0.6470588235294118
0.6470588235294118
0.6
0.5803921568627453
0.5725490196078431
0.5490196078431372
0.5529411764705883
0.5764705882352941
0.5725490196078431
0.4666666666666667
0.27058823529411763
0.2549019607843137
0.2901960784313725
0.44705882352941173
0.3137254901960784
0.3176470588235294
0.4980392156862745
0.5372549019607843
0.6078431372549019
0.6196078431372549
0.615686274509804
0.6235294117647059
0.6352941176470588
0.6431372549019607
0.6588235294117646
0.6274509803921569
0.6588235294117646
0.6588235294117646
0.6549019607843138
0.6470588235294117
0.6313725490196078
0.6431372549019608
0.6431372549019608
0.6470588235294118
0.6039215686274509
0.5882352941176472
0.6
0.5843137254901961
0.592156862745098
0.6078431372549019
0.6078431372549019
0.5450980392156862
0.38431372549019605
0.3607843137254902
0.3686274509803922
0.5137254901960784
0.3803921568627451
0.3803921568627451
0.5647058823529412
0.6
0.6509803921568628
0.6431372549019607
0.6274509803921569
0.6274509803921569
0.6431372549019607
0.6274509803921569
0.6588235294117646
0.6588235294117646
0.6627450980392156
0.6392156862745098
0.6392156862745098
0.6588235294117648
0.6392156862745098
0.6392156862745098
0.6549019607843136
0.6431372549019608
0.6196078431372549
0.611764705882353
0.615686274509804
0.6078431372549019
0.615686274509804
0.6274509803921569
0.6313725490196078
0.5725490196078431
0.5058823529411764
0.40784313725490196
0.42745098039215684
0.5725490196078431
0.5568627450980392
0.5333333333333333
0.5843137254901961
0.6117647058823529
0.6235294117647059
0.6352941176470588
0.6196078431372549
0.6196078431372549
0.6196078431372549
0.6274509803921569
0.6588235294117646
0.6588235294117646
0.6588235294117646
0.6549019607843136
0.6549019607843136
0.6705882352941175
0.6392156862745098
0.6666666666666667
0.6666666666666665
0.6392156862745098
0.6588235294117646
0.6431372549019607
0.611764705882353
0.611764705882353
0.6274509803921569
0.6274509803921569
0.603921568627451
0.5843137254901961
0.5450980392156862
0.4549019607843137
0.44705882352941173
0.5607843137254902
0.5686274509803921
0.5647058823529412
0.6196078431372549
0.6196078431372549
0.6392156862745098
0.615686274509804
0.615686274509804
0.6470588235294117
0.6235294117647059
0.6274509803921569
0.6588235294117646
0.6549019607843136
0.6549019607843138
0.6549019607843136
0.6509803921568629
0.6588235294117648
0.6627450980392158
0.6823529411764706
0.6784313725490196
0.6627450980392156
0.6549019607843137
0.6509803921568628
0.6313725490196078
0.6352941176470588
0.6274509803921569
0.6313725490196078
0.6000000000000001
0.6039215686274509
0.5568627450980392
0.5254901960784314
0.5529411764705883
0.6039215686274509
0.5843137254901961
0.592156862745098
0.6196078431372549
0.6352941176470588
0.6274509803921569
0.6196078431372549
0.615686274509804
0.6470588235294117
0.6235294117647059
0.6431372549019607
0.6705882352941175
0.6705882352941175
0.6549019607843138
0.6588235294117646
0.6941176470588235
0.6941176470588235
0.6941176470588235
0.6941176470588235
0.6862745098039216
0.6941176470588235
0.6431372549019608
0.6431372549019608
0.6352941176470588
0.6352941176470588
0.6313725490196078
0.615686274509804
0.615686274509804
0.6117647058823529
0.592156862745098
0.592156862745098
0.6039215686274509
0.6078431372549019
0.596078431372549
0.6
0.6392156862745098
0.6235294117647059
0.6352941176470588
0.6352941176470588
0.6392156862745098
0.6431372549019607
0.6509803921568627
0.6431372549019607
0.6705882352941175
0.6705882352941175
0.6784313725490196
0.6862745098039216
0.6901960784313725
0.6745098039215687
0.6901960784313725
0.6745098039215687
0.6627450980392158
0.6862745098039216
0.6352941176470588
0.6392156862745098
0.6235294117647059
0.6235294117647059
0.6313725490196078
0.6313725490196078
0.6313725490196078
0.6274509803921569
0.6039215686274509
0.592156862745098
0.5803921568627451
0.6
0.6313725490196078
0.6313725490196078
0.6352941176470588
0.6470588235294118
0.6392156862745098
0.6392156862745098
0.6352941176470588
0.6509803921568627
0.6784313725490196
0.6549019607843138
0.6784313725490196
0.6705882352941176
0.6745098039215686
0.6823529411764706
0.6823529411764706
0.6823529411764706
0.6862745098039216
0.6941176470588235
0.6980392156862745
0.6980392156862745
0.6470588235294118
0.6549019607843137
0.6352941176470588
0.6352941176470588
0.6470588235294118
0.6470588235294118
0.6509803921568628
0.6352941176470588
0.6117647058823529
0.6039215686274509
0.615686274509804
0.6274509803921569
0.6274509803921569
0.6196078431372549
0.6313725490196078
0.6431372549019608
0.6666666666666666
0.6627450980392157
0.6627450980392157
0.6705882352941176
0.6745098039215686
0.6784313725490196
0.6784313725490196
0.6705882352941176
0.6705882352941176
0.6745098039215686
0.6823529411764706
0.6823529411764706
0.6823529411764706
0.6941176470588235
0.6901960784313725
0.6862745098039216
